10 	143.6711076300
20 	143.6711198394
30 	143.6711300597
40 	143.6711388346
50 	143.6711465736
60 	143.6711613704
70 	143.6711677804
80 	143.6711735382
90 	143.6711787110
100 	143.6711839023
200 	143.6712148522
300 	143.6712258447
400 	143.6712300143
500 	143.6712314781
600 	143.6712320201
700 	143.6712322171
800 	143.6712322896
900 	143.6712323162
1000 	143.6712323257
2000 	143.6712323314
3000 	143.6712325861
4000 	143.6712325861
5000 	143.6712325861
6000 	143.6712325861
7000 	143.6712325861
8000 	143.6712325861
9000 	143.6712325861
10000 	143.6712325861
11000 	143.6712325861
12000 	143.6712325861
13000 	143.6712325861
14000 	143.6712325861
15000 	143.6712325861
17500 	143.6712325861
20000 	143.6712325861
22500 	29.9515325586
25000 	29.9515325586
30000 	29.9515325586
35000 	0.0000000000
40000 	0.0000000000
45000 	0.0000000000
50000 	0.0000000000
60000 	0.0000000000
70000 	0.0000000000
80000 	0.0000000000
90000 	0.0000000000
100000 	0.0000000000
110000 	0.0000000000
120000 	0.0000000000
130000 	0.0000000000
140000 	0.0000000000
150000 	0.0000000000
160000 	0.0000000000
170000 	0.0000000000
180000 	0.0000000000
190000 	0.0000000000
200000 	0.0000000000
300000 	0.0000000000
400000 	0.0000000000
500000 	0.0000000000
600000 	0.0000000000
700000 	0.0000000000
800000 	0.0000000000
900000 	0.0000000000
1000000 	0.0000000000
1100000 	0.0000000000
1200000 	0.0000000000
1300000 	0.0000000000
1400000 	0.0000000000
1500000 	0.0000000000
1600000 	0.0000000000
1700000 	0.0000000000
1800000 	0.0000000000
1900000 	0.0000000000
2000000 	0.0000000000
3000000 	0.0000000000
4000000 	0.0000000000
5000000 	0.0000000000
6000000 	0.0000000000
6500000 	0.0000000000
