10 	0.11512494087219238
20 	0.11513853073120117
30 	0.11515116691589355
40 	0.11516308784484863
50 	0.11517572402954102
60 	0.11519885063171387
70 	0.11521077156066895
80 	0.11522340774536133
90 	0.11523556709289551
100 	0.11524820327758789
200 	0.11537861824035645
300 	0.11551046371459961
400 	0.11564207077026367
500 	0.1157839298248291
600 	0.11591529846191406
700 	0.11604714393615723
800 	0.11617779731750488
900 	0.11630845069885254
1000 	0.1164405345916748
2000 	0.11778020858764648
3000 	0.171156644821167
4000 	0.17256474494934082
5000 	0.2422497272491455
6000 	0.24358463287353516
7000 	0.2965078353881836
8000 	0.2978477478027344
9000 	0.35305261611938477
10000 	0.35438108444213867
11000 	0.40010952949523926
12000 	0.40144896507263184
13000 	0.48584532737731934
14000 	0.48719310760498047
15000 	0.6346421241760254
17500 	0.8515589237213135
20000 	1.0277249813079834
22500 	1.2469451427459717
25000 	1.4774351119995117
30000 	1.8203210830688477
35000 	2.19102144241333
40000 	2.575627565383911
45000 	2.8985702991485596
50000 	3.111570119857788
60000 	3.8772220611572266
70000 	4.774679899215698
80000 	5.198869705200195
90000 	5.558797597885132
100000 	5.844070911407471
110000 	6.098838806152344
120000 	6.330298185348511
130000 	6.577648878097534
140000 	6.833448648452759
150000 	7.106444358825684
160000 	7.6597795486450195
170000 	8.143847703933716
180000 	8.466359853744507
190000 	8.749328851699829
200000 	9.02509355545044
300000 	13.558306694030762
400000 	16.352564573287964
500000 	18.96692705154419
600000 	25.474998235702515
700000 	28.546672105789185
800000 	32.40004873275757
900000 	35.17285084724426
1000000 	38.02773571014404
1100000 	40.60237264633179
1200000 	43.39046859741211
1300000 	46.109981536865234
1400000 	48.649505615234375
1500000 	51.42571520805359
1600000 	54.253737926483154
1700000 	56.84990668296814
1800000 	59.57903075218201
1900000 	63.69188618659973
2000000 	66.79905891418457
3000000 	0
4000000 	0
5000000 	0
6000000 	0
7000000 	0
8000000 	0
9000000 	0
10000000 	0
