10 	0.2940828800201416
20 	0.29411864280700684
30 	0.29415106773376465
40 	0.29418110847473145
50 	0.29421138763427734
60 	0.29425787925720215
70 	0.29428720474243164
80 	0.29431748390197754
90 	0.29434800148010254
100 	0.29437899589538574
200 	0.29469943046569824
300 	0.29505300521850586
400 	0.2953770160675049
500 	0.2957010269165039
600 	0.29604172706604004
700 	0.29636621475219727
800 	0.2967066764831543
900 	0.29703569412231445
1000 	0.2973606586456299
2000 	0.3006269931793213
3000 	0.42427587509155273
4000 	0.4275801181793213
5000 	0.5547304153442383
6000 	0.5580234527587891
7000 	0.6224277019500732
8000 	0.6237576007843018
9000 	0.6704797744750977
10000 	0.6718077659606934
11000 	0.7225496768951416
12000 	0.7240121364593506
13000 	0.7783541679382324
14000 	0.7797021865844727
15000 	0.8308670520782471
17500 	0.8864617347717285
20000 	0.9382965564727783
22500 	1.061575174331665
25000 	1.1700689792633057
30000 	1.3864080905914307
35000 	1.688708782196045
40000 	2.0167131423950195
45000 	2.325305700302124
50000 	2.4514217376708984
60000 	3.0145184993743896
70000 	3.5462417602539062
80000 	4.290081262588501
90000 	4.598811864852905
100000 	4.873589515686035
110000 	5.153929948806763
120000 	5.450298309326172
130000 	5.738795518875122
140000 	5.977590322494507
150000 	6.254104852676392
160000 	6.6267194747924805
170000 	6.896448373794556
180000 	7.173485994338989
190000 	7.467850685119629
200000 	7.781579256057739
300000 	10.95452356338501
400000 	14.32328200340271
500000 	17.28103256225586
600000 	20.071719884872437
700000 	22.844938278198242
800000 	29.776447534561157
900000 	36.50349760055542
1000000 	41.27052116394043
1100000 	47.55346989631653
1200000 	53.438101053237915
1300000 	60.006309509277344
1400000 	65.97944140434265
1500000 	68.7296781539917
1600000 	71.49147987365723
1700000 	74.27418327331543
1800000 	77.2519257068634
1900000 	80.112144947052
2000000 	82.99954080581665
3000000 	116.98487615585327
4000000 	153.81254053115845
5000000 	201.3462314605713
6000000 	241.64085173606873
7000000 	275.8657479286194
8000000 	304.48909878730774
9000000 	0
10000000 	0
