10 	0.1457386016845703
20 	0.14575433731079102
30 	0.14576959609985352
40 	0.1457827091217041
50 	0.1457960605621338
60 	0.14581966400146484
70 	0.14583301544189453
80 	0.14584612846374512
90 	0.1458590030670166
100 	0.1458725929260254
200 	0.14601683616638184
300 	0.14615941047668457
400 	0.14629840850830078
500 	0.1464369297027588
600 	0.1465744972229004
700 	0.14672350883483887
800 	0.14686799049377441
900 	0.14700651168823242
1000 	0.14714336395263672
2000 	0.1485292911529541
3000 	0.21481752395629883
4000 	0.21620631217956543
5000 	0.294039249420166
6000 	0.2954399585723877
7000 	0.36484766006469727
8000 	0.3662700653076172
9000 	0.42069482803344727
10000 	0.4220693111419678
11000 	0.4728841781616211
12000 	0.4742715358734131
13000 	0.5149707794189453
14000 	0.516369104385376
15000 	0.5630671977996826
17500 	0.601525068283081
20000 	0.6660177707672119
22500 	0.7678654193878174
25000 	0.7961459159851074
30000 	0.8950929641723633
35000 	1.0220091342926025
40000 	1.1122212409973145
45000 	1.2831535339355469
50000 	1.3918871879577637
60000 	1.647749900817871
70000 	1.922699213027954
80000 	2.6008946895599365
90000 	3.08162522315979
100000 	3.562471389770508
110000 	4.0178563594818115
120000 	4.473282098770142
130000 	4.937584400177002
140000 	5.535139799118042
150000 	6.133597135543823
160000 	6.896491050720215
170000 	7.274306774139404
180000 	7.616748809814453
190000 	7.890751600265503
200000 	8.161060333251953
300000 	10.947186470031738
400000 	15.611688375473022
500000 	19.477535486221313
600000 	23.614831924438477
700000 	27.74298930168152
800000 	32.31540632247925
900000 	36.07616877555847
1000000 	41.892348527908325
1100000 	47.393250465393066
1200000 	51.75035858154297
1300000 	55.51327204704285
1400000 	58.82357406616211
1500000 	63.66964912414551
1600000 	67.04948449134827
1700000 	0
1800000 	0
1900000 	0
2000000 	0
3000000 	0
4000000 	0
5000000 	0
6000000 	0
7000000 	0
8000000 	0
9000000 	0
10000000 	0
