10 	0.015622138977050781
20 	0.015635967254638672
30 	0.015649080276489258
40 	0.01566171646118164
50 	0.015675783157348633
60 	0.015695810317993164
70 	0.01571035385131836
80 	0.01572442054748535
90 	0.015738487243652344
100 	0.01575183868408203
200 	0.01588749885559082
300 	0.016024351119995117
400 	0.016160964965820312
500 	0.016296863555908203
600 	0.016432523727416992
700 	0.01656818389892578
800 	0.016717195510864258
900 	0.01685643196105957
1000 	0.016993999481201172
2000 	0.01840519905090332
3000 	0.034903526306152344
4000 	0.036307334899902344
5000 	0.05498337745666504
6000 	0.0563807487487793
7000 	0.07420921325683594
8000 	0.0756223201751709
9000 	0.09289669990539551
10000 	0.09429025650024414
11000 	0.11291027069091797
12000 	0.11430668830871582
13000 	0.13203954696655273
14000 	0.13344955444335938
15000 	0.15267109870910645
17500 	0.17566895484924316
20000 	0.19842123985290527
22500 	0.23664617538452148
25000 	0.2576909065246582
30000 	0.29765868186950684
35000 	0.3573429584503174
40000 	0.4003939628601074
45000 	0.45984506607055664
50000 	0.5032474994659424
60000 	0.6010875701904297
70000 	0.6997406482696533
80000 	0.8047854900360107
90000 	0.904918909072876
100000 	1.005234718322754
110000 	1.1108739376068115
120000 	1.220447301864624
130000 	1.320580244064331
140000 	1.4231040477752686
150000 	1.5245282649993896
160000 	1.6273784637451172
170000 	1.729802131652832
180000 	1.83207106590271
190000 	1.9337773323059082
200000 	2.0359983444213867
300000 	3.0661234855651855
400000 	4.075945854187012
500000 	5.074186563491821
600000 	6.084655046463013
700000 	7.105745792388916
800000 	8.125847101211548
900000 	9.142982721328735
1000000 	10.164441108703613
1100000 	11.185389995574951
1200000 	12.206645727157593
1300000 	0
1400000 	0
1500000 	0
1600000 	0
1700000 	0
1800000 	0
1900000 	0
2000000 	0
3000000 	0
4000000 	0
5000000 	0
6000000 	0
7000000 	0
8000000 	0
9000000 	0
10000000 	0
