10 	0.012861251831054688
20 	0.012874364852905273
30 	0.012886285781860352
40 	0.012898683547973633
50 	0.012910604476928711
60 	0.012928009033203125
70 	0.012940406799316406
80 	0.012952327728271484
90 	0.012964725494384766
100 	0.012976884841918945
200 	0.013107776641845703
300 	0.013236522674560547
400 	0.013367176055908203
500 	0.01349782943725586
600 	0.013628005981445312
700 	0.013765096664428711
800 	0.013895034790039062
900 	0.01402592658996582
1000 	0.014156103134155273
2000 	0.015476465225219727
3000 	0.02887868881225586
4000 	0.03020167350769043
5000 	0.044036149978637695
6000 	0.045359134674072266
7000 	0.058499813079833984
8000 	0.059832096099853516
9000 	0.07367992401123047
10000 	0.07500624656677246
11000 	0.08756542205810547
12000 	0.0888824462890625
13000 	0.10158467292785645
14000 	0.10293841361999512
15000 	0.11739277839660645
17500 	0.1325523853302002
20000 	0.14696526527404785
22500 	0.17389798164367676
25000 	0.1891920566558838
30000 	0.2156994342803955
35000 	0.25477147102355957
40000 	0.2841498851776123
45000 	0.3244204521179199
50000 	0.3549692630767822
60000 	0.4266622066497803
70000 	0.5033891201019287
80000 	0.5794875621795654
90000 	0.6464581489562988
100000 	0.7216770648956299
110000 	0.7929730415344238
120000 	0.8636283874511719
130000 	0.9340150356292725
140000 	1.0026133060455322
150000 	1.0867323875427246
160000 	1.1558778285980225
170000 	1.2422664165496826
180000 	1.360077142715454
190000 	1.462047815322876
200000 	1.5352449417114258
300000 	2.256913900375366
400000 	2.9878365993499756
500000 	3.7189531326293945
600000 	4.42805027961731
700000 	5.131769418716431
800000 	5.911252498626709
900000 	7.0507590770721436
1000000 	7.774900674819946
1100000 	0
1200000 	0
1300000 	0
1400000 	0
1500000 	0
1600000 	0
1700000 	0
1800000 	0
1900000 	0
2000000 	0
3000000 	0
4000000 	0
5000000 	0
6000000 	0
7000000 	0
8000000 	0
9000000 	0
10000000 	0
