10 	0.0915675163269043
20 	0.09158110618591309
30 	0.09159350395202637
40 	0.09160566329956055
50 	0.09161782264709473
60 	0.0916438102722168
70 	0.09165596961975098
80 	0.09166908264160156
90 	0.09168124198913574
100 	0.09169387817382812
200 	0.09182500839233398
300 	0.09195661544799805
400 	0.09209513664245605
500 	0.09222626686096191
600 	0.09237504005432129
700 	0.09250617027282715
800 	0.0926370620727539
900 	0.09276843070983887
1000 	0.09289884567260742
2000 	0.0942692756652832
3000 	0.14005780220031738
4000 	0.14139127731323242
5000 	0.19197726249694824
6000 	0.19330620765686035
7000 	0.24971938133239746
8000 	0.25104212760925293
9000 	0.28368473052978516
10000 	0.28499722480773926
11000 	0.3317396640777588
12000 	0.3330559730529785
13000 	0.38179969787597656
14000 	0.38312220573425293
15000 	0.4179980754852295
17500 	0.46413159370422363
20000 	0.5070557594299316
22500 	0.6107356548309326
25000 	0.6397500038146973
30000 	0.7377920150756836
35000 	0.8898992538452148
40000 	0.9919078350067139
45000 	1.1501438617706299
50000 	1.2637858390808105
60000 	1.5308332443237305
70000 	1.7690672874450684
80000 	1.9948649406433105
90000 	2.2562344074249268
100000 	2.479353189468384
110000 	2.7215170860290527
120000 	2.9423651695251465
130000 	3.2038817405700684
140000 	3.4766080379486084
150000 	3.738093614578247
160000 	3.9883551597595215
170000 	4.217913389205933
180000 	4.455361604690552
190000 	4.691533088684082
200000 	4.9424355030059814
300000 	7.522199392318726
400000 	11.637152671813965
500000 	17.63159155845642
600000 	22.975160360336304
700000 	28.499160528182983
800000 	31.012330055236816
900000 	33.75439500808716
1000000 	36.261638164520264
1100000 	40.80742120742798
1200000 	44.460763692855835
1300000 	48.38706660270691
1400000 	51.01434922218323
1500000 	54.00180506706238
1600000 	56.55208230018616
1700000 	59.059853076934814
1800000 	62.224807024002075
1900000 	66.37887907028198
2000000 	68.86335515975952
3000000 	101.7176570892334
4000000 	131.0114233493805
5000000 	164.037695646286
6000000 	204.2632350921631
7000000 	230.91708612442017
8000000 	263.07000732421875
9000000 	0
10000000 	0
