10 	0.08428144454956055
20 	0.08429503440856934
30 	0.08430790901184082
40 	0.084320068359375
50 	0.08433270454406738
60 	0.08435559272766113
70 	0.08436799049377441
80 	0.0843808650970459
90 	0.08439278602600098
100 	0.08440566062927246
200 	0.08453536033630371
300 	0.08466792106628418
400 	0.08480072021484375
500 	0.08494019508361816
600 	0.08507227897644043
700 	0.08521175384521484
800 	0.08534407615661621
900 	0.08547687530517578
1000 	0.08560872077941895
2000 	0.08693504333496094
3000 	0.13626670837402344
4000 	0.13759231567382812
5000 	0.1891634464263916
6000 	0.19049429893493652
7000 	0.2473282814025879
8000 	0.24865460395812988
9000 	0.31574082374572754
10000 	0.3170742988586426
11000 	0.3692197799682617
12000 	0.37054944038391113
13000 	0.43012070655822754
14000 	0.43146753311157227
15000 	0.48918771743774414
17500 	0.5392045974731445
20000 	0.5942306518554688
22500 	0.7181997299194336
25000 	0.7694175243377686
30000 	0.8822450637817383
35000 	1.0458314418792725
40000 	1.1398694515228271
45000 	1.2841026782989502
50000 	1.3944787979125977
60000 	1.6769049167633057
70000 	1.9657535552978516
80000 	2.228440523147583
90000 	2.5081710815429688
100000 	2.7770588397979736
110000 	3.041780471801758
120000 	3.2841944694519043
130000 	3.5600171089172363
140000 	3.8456881046295166
150000 	4.138775587081909
160000 	4.401163578033447
170000 	4.6665122509002686
180000 	4.961439847946167
190000 	5.214317321777344
200000 	5.472256898880005
300000 	8.902129173278809
400000 	14.872111558914185
500000 	21.17787790298462
600000 	27.076875925064087
700000 	30.247765064239502
800000 	32.904762268066406
900000 	36.293805837631226
1000000 	40.55886149406433
1100000 	43.1964910030365
1200000 	46.1595458984375
1300000 	49.44236969947815
1400000 	52.65190410614014
1500000 	57.268638372421265
1600000 	61.962138175964355
1700000 	64.7864248752594
1800000 	67.45301723480225
1900000 	70.92097425460815
2000000 	75.62028813362122
3000000 	111.00429773330688
4000000 	153.65846395492554
5000000 	189.92272281646729
6000000 	232.8013722896576
7000000 	263.83560276031494
8000000 	291.43258929252625
9000000 	319.05457043647766
10000000 	0
