10 	0.0670320987701416
20 	0.0670468807220459
30 	0.06705927848815918
40 	0.06707215309143066
50 	0.06708502769470215
60 	0.06710696220397949
70 	0.06711959838867188
80 	0.06713223457336426
90 	0.06714463233947754
100 	0.06715750694274902
200 	0.06728887557983398
300 	0.06742238998413086
400 	0.06755661964416504
500 	0.06769514083862305
600 	0.06784176826477051
700 	0.06798028945922852
800 	0.06811809539794922
900 	0.06825733184814453
1000 	0.06839632987976074
2000 	0.06978249549865723
3000 	0.12523269653320312
4000 	0.1265709400177002
5000 	0.17387890815734863
6000 	0.1752629280090332
7000 	0.23028349876403809
8000 	0.2316274642944336
9000 	0.2824275493621826
10000 	0.2838099002838135
11000 	0.33961033821105957
12000 	0.3409569263458252
13000 	0.39299464225769043
14000 	0.3943464756011963
15000 	0.44022345542907715
17500 	0.4941375255584717
20000 	0.5458173751831055
22500 	0.6396338939666748
25000 	0.6929669380187988
30000 	0.8161354064941406
35000 	0.9669690132141113
40000 	1.0721254348754883
45000 	1.228367567062378
50000 	1.3366053104400635
60000 	1.6036884784698486
70000 	1.8620336055755615
80000 	2.1287217140197754
90000 	2.3972599506378174
100000 	2.6596665382385254
110000 	2.925584316253662
120000 	3.1936514377593994
130000 	3.4741909503936768
140000 	3.7282657623291016
150000 	3.9834907054901123
160000 	4.2394654750823975
170000 	4.509862899780273
180000 	4.776862859725952
190000 	5.030807733535767
200000 	5.311158657073975
300000 	7.939317226409912
400000 	10.535977125167847
500000 	13.169228553771973
600000 	15.804282188415527
700000 	18.467996835708618
800000 	21.07510209083557
900000 	23.68201756477356
1000000 	26.33991026878357
1100000 	28.935397386550903
1200000 	31.572577953338623
1300000 	34.20690941810608
1400000 	36.79250454902649
1500000 	39.421245098114014
1600000 	42.03389763832092
1700000 	44.68155908584595
1800000 	47.27706551551819
1900000 	49.927971601486206
2000000 	52.51983165740967
3000000 	78.99249148368835
4000000 	0
5000000 	0
6000000 	0
7000000 	0
8000000 	0
9000000 	0
10000000 	0
