10 	0.09295797348022461
20 	0.0929720401763916
30 	0.09298491477966309
40 	0.09299707412719727
50 	0.09300923347473145
60 	0.09303569793701172
70 	0.0930478572845459
80 	0.09306001663208008
90 	0.09307241439819336
100 	0.09308457374572754
200 	0.0932157039642334
300 	0.09334969520568848
400 	0.09348154067993164
500 	0.09362101554870605
600 	0.09375262260437012
700 	0.09388399124145508
800 	0.09401631355285645
900 	0.0941476821899414
1000 	0.09427857398986816
2000 	0.09559822082519531
3000 	0.13837933540344238
4000 	0.1397092342376709
5000 	0.19634079933166504
6000 	0.19767546653747559
7000 	0.2518925666809082
8000 	0.2532167434692383
9000 	0.31353306770324707
10000 	0.31485986709594727
11000 	0.3718421459197998
12000 	0.37316131591796875
13000 	0.42896223068237305
14000 	0.43028759956359863
15000 	0.47896623611450195
17500 	0.5285778045654297
20000 	0.5967540740966797
22500 	0.7071716785430908
25000 	0.7629106044769287
30000 	0.8572237491607666
35000 	1.020402431488037
40000 	1.1266672611236572
45000 	1.274399757385254
50000 	1.3710947036743164
60000 	1.62721848487854
70000 	1.8818762302398682
80000 	2.15800142288208
90000 	2.438931941986084
100000 	2.7184438705444336
110000 	2.9729795455932617
120000 	3.23822021484375
130000 	3.5018699169158936
140000 	3.7537288665771484
150000 	4.016891717910767
160000 	4.291654825210571
170000 	4.549691200256348
180000 	4.7809741497039795
190000 	5.050993919372559
200000 	5.30768609046936
300000 	8.095807313919067
400000 	10.765655040740967
500000 	13.436879634857178
600000 	16.192784070968628
700000 	18.9155855178833
800000 	21.53397250175476
900000 	25.290019750595093
1000000 	28.335861921310425
1100000 	34.421393632888794
1200000 	40.885823488235474
1300000 	47.605273485183716
1400000 	53.7177460193634
1500000 	59.39242434501648
1600000 	62.409738302230835
1700000 	65.65469145774841
1800000 	68.32213807106018
1900000 	72.47664070129395
2000000 	77.13112354278564
3000000 	108.69889044761658
4000000 	149.85752892494202
5000000 	195.62489342689514
6000000 	230.34886074066162
7000000 	265.0966877937317
8000000 	300.8106517791748
9000000 	0
10000000 	0
