10 	0.031157255172729492
20 	0.031171321868896484
30 	0.031183958053588867
40 	0.03119659423828125
50 	0.03120899200439453
60 	0.03123307228088379
70 	0.03124523162841797
80 	0.03125762939453125
90 	0.03126978874206543
100 	0.031282663345336914
200 	0.03142142295837402
300 	0.03155326843261719
400 	0.031684160232543945
500 	0.0318148136138916
600 	0.03194570541381836
700 	0.03207731246948242
800 	0.032208919525146484
900 	0.03233957290649414
1000 	0.03247666358947754
2000 	0.033806800842285156
3000 	0.0715341567993164
4000 	0.0728611946105957
5000 	0.09932327270507812
6000 	0.1006617546081543
7000 	0.13330364227294922
8000 	0.13463759422302246
9000 	0.17598438262939453
10000 	0.1773059368133545
11000 	0.20658588409423828
12000 	0.20791125297546387
13000 	0.23451876640319824
14000 	0.23584365844726562
15000 	0.2668130397796631
17500 	0.29869699478149414
20000 	0.34061598777770996
22500 	0.41091299057006836
25000 	0.44331979751586914
30000 	0.5094859600067139
35000 	0.6103224754333496
40000 	0.6703312397003174
45000 	0.7696421146392822
50000 	0.8408756256103516
60000 	1.0204169750213623
70000 	1.183816909790039
80000 	1.3415699005126953
90000 	1.5039258003234863
100000 	1.6617283821105957
110000 	1.8298213481903076
120000 	1.999479055404663
130000 	2.187560796737671
140000 	2.34550404548645
150000 	2.5155563354492188
160000 	2.66925311088562
170000 	2.8256287574768066
180000 	2.9930593967437744
190000 	3.1592347621917725
200000 	3.318948745727539
300000 	4.889944314956665
400000 	6.564181804656982
500000 	8.127357721328735
600000 	9.739899635314941
700000 	11.286427974700928
800000 	12.799383163452148
900000 	14.36353588104248
1000000 	15.931910514831543
1100000 	17.521904468536377
1200000 	19.161357879638672
1300000 	20.67580270767212
1400000 	22.26588773727417
1500000 	23.863428354263306
1600000 	25.435410737991333
1700000 	27.054328680038452
1800000 	28.60059905052185
1900000 	30.163906812667847
2000000 	31.733677625656128
3000000 	47.90376687049866
4000000 	68.45883226394653
5000000 	104.04815697669983
6000000 	126.14188170433044
7000000 	143.06549882888794
8000000 	162.23022079467773
9000000 	181.4900999069214
10000000 	0
