10 	0.07544445991516113
20 	0.07545804977416992
30 	0.0754706859588623
40 	0.07548284530639648
50 	0.07549500465393066
60 	0.07551860809326172
70 	0.0755307674407959
80 	0.07554316520690918
90 	0.07555532455444336
100 	0.07556796073913574
200 	0.07570528984069824
300 	0.07583808898925781
400 	0.07596921920776367
500 	0.07610011100769043
600 	0.07623910903930664
700 	0.0763700008392334
800 	0.07650041580200195
900 	0.07663178443908691
1000 	0.07676219940185547
2000 	0.07808542251586914
3000 	0.11094069480895996
4000 	0.11226272583007812
5000 	0.15926361083984375
6000 	0.16057753562927246
7000 	0.20839762687683105
8000 	0.20972633361816406
9000 	0.2531158924102783
10000 	0.25443458557128906
11000 	0.30557847023010254
12000 	0.30690813064575195
13000 	0.34444642066955566
14000 	0.34577035903930664
15000 	0.3976256847381592
17500 	0.4490964412689209
20000 	0.5002615451812744
22500 	0.6017239093780518
25000 	0.642653226852417
30000 	0.7372264862060547
35000 	0.880357027053833
40000 	0.9689774513244629
45000 	1.1213607788085938
50000 	1.2250821590423584
60000 	1.470191478729248
70000 	1.7366702556610107
80000 	1.9607346057891846
90000 	2.2148337364196777
100000 	2.8116114139556885
110000 	3.46525239944458
120000 	4.193330764770508
130000 	5.01586651802063
140000 	5.544825077056885
150000 	5.799597501754761
160000 	6.1871349811553955
170000 	6.4429872035980225
180000 	6.701368570327759
190000 	6.950409173965454
200000 	7.20580792427063
300000 	9.824812889099121
400000 	12.177420139312744
500000 	14.578798055648804
600000 	17.07916569709778
700000 	19.90948987007141
800000 	22.883768320083618
900000 	25.79627227783203
1000000 	28.302179098129272
1100000 	30.792930841445923
1200000 	33.03583765029907
1300000 	35.90470504760742
1400000 	38.08527898788452
1500000 	41.02957844734192
1600000 	45.296345949172974
1700000 	48.42769408226013
1800000 	51.55066108703613
1900000 	53.99722504615784
2000000 	56.457895278930664
3000000 	0
4000000 	0
5000000 	0
6000000 	0
7000000 	0
8000000 	0
9000000 	0
10000000 	0
