10 	0.45456814765930176
20 	0.4545860290527344
30 	0.4546027183532715
40 	0.4546167850494385
50 	0.45463132858276367
60 	0.45465779304504395
70 	0.45467162132263184
80 	0.45468568801879883
90 	0.4546990394592285
100 	0.4547128677368164
200 	0.45487213134765625
300 	0.45501255989074707
400 	0.455155611038208
500 	0.45529675483703613
600 	0.45543670654296875
700 	0.4555783271789551
800 	0.45572566986083984
900 	0.45586705207824707
1000 	0.4560103416442871
2000 	0.4574260711669922
3000 	0.8484153747558594
4000 	0.8498392105102539
5000 	1.223592758178711
6000 	1.225006341934204
7000 	1.5995821952819824
8000 	1.6010141372680664
9000 	1.9684116840362549
10000 	1.969827651977539
11000 	2.347358226776123
12000 	2.3487823009490967
13000 	2.713566541671753
14000 	2.714986801147461
15000 	3.135411262512207
17500 	3.50398588180542
20000 	3.912797451019287
22500 	4.646575212478638
25000 	5.0090012550354
30000 	5.728098154067993
35000 	7.262510061264038
40000 	8.253939628601074
45000 	9.438738346099854
50000 	10.176635026931763
60000 	14.593717575073242
70000 	19.455916166305542
80000 	24.2104275226593
90000 	26.707098245620728
100000 	28.845726013183594
110000 	32.137842893600464
120000 	36.89759969711304
130000 	39.76952815055847
140000 	41.65514063835144
150000 	43.569589138031006
160000 	45.56727862358093
170000 	47.56758666038513
180000 	49.50239658355713
190000 	51.35071277618408
200000 	53.27156639099121
300000 	72.33377814292908
400000 	99.88161015510559
500000 	123.81677532196045
600000 	143.183580160141
700000 	162.68099403381348
800000 	181.52786803245544
900000 	209.8752818107605
1000000 	230.42792320251465
1100000 	246.55980825424194
1200000 	266.92338848114014
1300000 	283.6316063404083
1400000 	301.0817542076111
1500000 	317.6998612880707
1600000 	334.0791916847229
1700000 	0
1800000 	0
1900000 	0
2000000 	0
3000000 	0
4000000 	0
5000000 	0
6000000 	0
7000000 	0
8000000 	0
9000000 	0
10000000 	0
