10 	0.02224898338317871
20 	0.022264480590820312
30 	0.022278308868408203
40 	0.02229166030883789
50 	0.022305011749267578
60 	0.022333860397338867
70 	0.022347211837768555
80 	0.02236032485961914
90 	0.022373437881469727
100 	0.022389888763427734
200 	0.022530794143676758
300 	0.02266979217529297
400 	0.022840499877929688
500 	0.022984743118286133
600 	0.023121356964111328
700 	0.023258686065673828
800 	0.023395776748657227
900 	0.023535966873168945
1000 	0.023675203323364258
2000 	0.02507758140563965
3000 	0.04916810989379883
4000 	0.05059337615966797
5000 	0.07315611839294434
6000 	0.07456088066101074
7000 	0.09822654724121094
8000 	0.09962224960327148
9000 	0.12337350845336914
10000 	0.12477850914001465
11000 	0.14858722686767578
12000 	0.14999008178710938
13000 	0.17325210571289062
14000 	0.17466998100280762
15000 	0.20148897171020508
17500 	0.22888803482055664
20000 	0.261415958404541
22500 	0.3090522289276123
25000 	0.33434391021728516
30000 	0.38903069496154785
35000 	0.46522092819213867
40000 	0.515831708908081
45000 	0.5900719165802002
50000 	0.6439378261566162
60000 	0.7652935981750488
70000 	0.8906571865081787
80000 	1.0170722007751465
90000 	1.1426680088043213
100000 	1.2645800113677979
110000 	1.3884010314941406
120000 	1.5143768787384033
130000 	1.6431162357330322
140000 	1.766688346862793
150000 	1.892242670059204
160000 	2.0174412727355957
170000 	2.1392629146575928
180000 	2.2668187618255615
190000 	2.394017219543457
200000 	2.5158474445343018
300000 	3.7377119064331055
400000 	4.9734156131744385
500000 	6.226958274841309
600000 	7.538048982620239
700000 	8.776015520095825
800000 	10.013883352279663
900000 	11.254884958267212
1000000 	12.541576862335205
1100000 	13.788989782333374
1200000 	15.032610416412354
1300000 	0
1400000 	0
1500000 	0
1600000 	0
1700000 	0
1800000 	0
1900000 	0
2000000 	0
3000000 	0
4000000 	0
5000000 	0
6000000 	0
7000000 	0
8000000 	0
9000000 	0
10000000 	0
