10 	0.038294076919555664
20 	0.03832221031188965
30 	0.03834795951843262
40 	0.03837466239929199
50 	0.03840065002441406
60 	0.03843545913696289
70 	0.03846168518066406
80 	0.03848886489868164
90 	0.03851509094238281
100 	0.03854227066040039
200 	0.038828134536743164
300 	0.039129018783569336
400 	0.03942465782165527
500 	0.039733171463012695
600 	0.04004979133605957
700 	0.04034876823425293
800 	0.04065823554992676
900 	0.040953874588012695
1000 	0.04125857353210449
2000 	0.04426455497741699
3000 	0.07992362976074219
4000 	0.08314919471740723
5000 	0.12110400199890137
6000 	0.12433266639709473
7000 	0.15747523307800293
8000 	0.1606278419494629
9000 	0.19651174545288086
10000 	0.19974136352539062
11000 	0.22939014434814453
12000 	0.2326512336730957
13000 	0.2673354148864746
14000 	0.2706260681152344
15000 	0.3069901466369629
17500 	0.34462475776672363
20000 	0.3845827579498291
22500 	0.45290398597717285
25000 	0.491685152053833
30000 	0.572335958480835
35000 	0.6878809928894043
40000 	0.7707095146179199
45000 	0.8789141178131104
50000 	0.9545955657958984
60000 	1.155301809310913
70000 	1.3560261726379395
80000 	1.5489757061004639
90000 	1.738034963607788
100000 	1.931520938873291
110000 	2.0983173847198486
120000 	2.2719526290893555
130000 	2.4515011310577393
140000 	2.6232736110687256
150000 	2.796165943145752
160000 	2.976870536804199
170000 	3.1503539085388184
180000 	3.335024833679199
190000 	3.5256850719451904
200000 	3.7106215953826904
300000 	5.580019235610962
400000 	7.45082950592041
500000 	9.23375916481018
600000 	11.045329809188843
700000 	13.328289031982422
800000 	14.484448909759521
900000 	16.244802951812744
1000000 	16.958556413650513
1100000 	0
1200000 	0
1300000 	0
1400000 	0
1500000 	0
1600000 	0
1700000 	0
1800000 	0
1900000 	0
2000000 	0
3000000 	0
4000000 	0
5000000 	0
6000000 	0
7000000 	0
8000000 	0
9000000 	0
10000000 	0
