10 	0.051390886306762695
20 	0.05140495300292969
30 	0.05141782760620117
40 	0.05142998695373535
50 	0.05144309997558594
60 	0.05146646499633789
70 	0.05147862434387207
80 	0.05149102210998535
90 	0.05150318145751953
100 	0.051516056060791016
200 	0.051647186279296875
300 	0.05178093910217285
400 	0.051921844482421875
500 	0.05205416679382324
600 	0.0521855354309082
700 	0.052316904067993164
800 	0.05244851112365723
900 	0.052581071853637695
1000 	0.05271267890930176
2000 	0.05405759811401367
3000 	0.0878143310546875
4000 	0.0891427993774414
5000 	0.11833643913269043
6000 	0.11967897415161133
7000 	0.15855145454406738
8000 	0.15989923477172852
9000 	0.2029733657836914
10000 	0.2043144702911377
11000 	0.23661065101623535
12000 	0.23795557022094727
13000 	0.2547774314880371
14000 	0.2561154365539551
15000 	0.27903294563293457
17500 	0.31746506690979004
20000 	0.3459756374359131
22500 	0.4170956611633301
25000 	0.448667049407959
30000 	0.511728048324585
35000 	0.6069438457489014
40000 	0.6675519943237305
45000 	0.7687697410583496
50000 	0.8339734077453613
60000 	0.9763495922088623
70000 	1.1211583614349365
80000 	1.2932217121124268
90000 	1.4393746852874756
100000 	1.6069543361663818
110000 	1.7490653991699219
120000 	1.9096760749816895
130000 	2.0797154903411865
140000 	2.2122087478637695
150000 	2.3681600093841553
160000 	2.5318894386291504
170000 	2.671644926071167
180000 	2.8083713054656982
190000 	2.9634034633636475
200000 	3.1488068103790283
300000 	6.194265604019165
400000 	8.364485025405884
500000 	10.058491468429565
600000 	12.153396606445312
700000 	13.743191003799438
800000 	15.26522183418274
900000 	19.232863187789917
1000000 	22.895558834075928
1100000 	26.667083740234375
1200000 	29.604812622070312
1300000 	33.672523975372314
1400000 	37.8141610622406
1500000 	41.396310806274414
1600000 	45.61822438240051
1700000 	50.110108375549316
1800000 	53.55615305900574
1900000 	57.77482557296753
2000000 	60.95846772193909
3000000 	85.76695561408997
4000000 	124.83354687690735
5000000 	146.33888459205627
6000000 	161.27072548866272
7000000 	180.62095999717712
8000000 	203.35498094558716
9000000 	231.38409423828125
10000000 	0
