10 	0.06606864929199219
20 	0.06608247756958008
30 	0.06609582901000977
40 	0.06610846519470215
50 	0.06612038612365723
60 	0.06613945960998535
70 	0.06615161895751953
80 	0.06616401672363281
90 	0.06617617607116699
100 	0.06618905067443848
200 	0.06631898880004883
300 	0.0664510726928711
400 	0.06659412384033203
500 	0.06672477722167969
600 	0.06685638427734375
700 	0.06698870658874512
800 	0.06712031364440918
900 	0.06725168228149414
1000 	0.0673835277557373
2000 	0.0687265396118164
3000 	0.1193397045135498
4000 	0.1206817626953125
5000 	0.18698668479919434
6000 	0.18831872940063477
7000 	0.2356119155883789
8000 	0.2369391918182373
9000 	0.28796958923339844
10000 	0.28929924964904785
11000 	0.355879545211792
12000 	0.35721778869628906
13000 	0.42058444023132324
14000 	0.4219205379486084
15000 	0.47693538665771484
17500 	0.5337059497833252
20000 	0.589130163192749
22500 	0.6928291320800781
25000 	0.7541930675506592
30000 	0.8819255828857422
35000 	1.0659518241882324
40000 	1.1655235290527344
45000 	1.3431470394134521
50000 	1.4502856731414795
60000 	1.7277798652648926
70000 	2.041576385498047
80000 	2.3233795166015625
90000 	2.585573673248291
100000 	2.8450636863708496
110000 	3.117072343826294
120000 	3.3949694633483887
130000 	3.667602062225342
140000 	3.932020664215088
150000 	4.220432996749878
160000 	4.469631195068359
170000 	4.763598203659058
180000 	5.077526330947876
190000 	5.344822883605957
200000 	5.636072158813477
300000 	8.404298543930054
400000 	11.050533294677734
500000 	13.658507585525513
600000 	16.253230333328247
700000 	18.70418429374695
800000 	21.087409257888794
900000 	23.482572317123413
1000000 	25.721567153930664
1100000 	27.85528826713562
1200000 	30.051026344299316
1300000 	32.15983271598816
1400000 	34.49947953224182
1500000 	36.78688025474548
1600000 	39.06722855567932
1700000 	41.65069389343262
1800000 	44.21158242225647
1900000 	46.86440706253052
2000000 	49.51358199119568
3000000 	0
4000000 	0
5000000 	0
6000000 	0
7000000 	0
8000000 	0
9000000 	0
10000000 	0
