10 	0.3241619269
20 	0.3241785367
30 	0.3241937955
40 	0.3242074649
50 	0.3242214521
60 	0.3242465655
70 	0.3242601554
80 	0.3242738247
90 	0.3242870172
100 	0.3243006865
200 	0.3244487445
300 	0.3245900472
400 	0.3247311910
500 	0.3248713017
600 	0.3250105381
700 	0.3251565297
800 	0.3253003756
900 	0.3254405657
1000 	0.3255801996
2000 	0.3269873460
3000 	0.5910685857
4000 	0.5924827258
5000 	0.8598933220
6000 	0.8613057931
7000 	1.1146376133
8000 	1.1160593033
9000 	1.3587541580
10000 	1.3601563772
11000 	1.6082499822
12000 	1.6096571287
13000 	1.8458487193
14000 	1.8472658793
15000 	2.1085700989
17500 	2.3524424235
20000 	2.6072648366
22500 	3.0997078419
25000 	3.3470794360
30000 	3.8544450601
35000 	5.0492467086
40000 	5.9513314565
45000 	7.1642661889
50000 	7.9495839278
60000 	10.7880847454
70000 	13.6765073140
80000 	16.0238417784
90000 	17.5480600993
100000 	18.9655533632
110000 	20.7741705577
120000 	23.0456056595
130000 	24.7093098958
140000 	26.0632514159
150000 	27.4340755145
160000 	28.8810667197
170000 	30.2082165877
180000 	31.4754274686
190000 	32.7311733564
200000 	34.0219875971
300000 	49.6042019526
400000 	66.6762266159
500000 	82.2866618633
600000 	95.7455637455
700000 	108.9737667243
800000 	124.8972248236
900000 	141.8927364349
1000000 	156.8193700314
1100000 	169.7871860663
1200000 	183.6500000159
1300000 	196.0303278764
1400000 	208.5055673917
1500000 	221.2671272755
1600000 	233.4315861861
1700000 	0.0000000000
1800000 	0.0000000000
1900000 	0.0000000000
2000000 	0.0000000000
3000000 	0.0000000000
4000000 	0.0000000000
5000000 	0.0000000000
6000000 	0.0000000000
7000000 	0.0000000000
8000000 	0.0000000000
9000000 	0.0000000000
10000000 	0.0000000000
