10 	0.1176609992980957
20 	0.11769413948059082
30 	0.11772418022155762
40 	0.11775398254394531
50 	0.11778450012207031
60 	0.11783003807067871
70 	0.11786007881164551
80 	0.1178898811340332
90 	0.1179192066192627
100 	0.1179494857788086
200 	0.11826682090759277
300 	0.1186068058013916
400 	0.1189274787902832
500 	0.11924576759338379
600 	0.11957073211669922
700 	0.11989045143127441
800 	0.1202089786529541
900 	0.12053489685058594
1000 	0.12085151672363281
2000 	0.12408804893493652
3000 	0.17256999015808105
4000 	0.1758265495300293
5000 	0.20535016059875488
6000 	0.20857000350952148
7000 	0.23724889755249023
8000 	0.24048876762390137
9000 	0.28089189529418945
10000 	0.28387999534606934
11000 	0.31700968742370605
12000 	0.3199806213378906
13000 	0.34115099906921387
14000 	0.3441340923309326
15000 	0.3784811496734619
17500 	0.413710355758667
20000 	0.45519042015075684
22500 	0.531273365020752
25000 	0.5757565498352051
30000 	0.6402301788330078
35000 	0.739797830581665
40000 	0.8035585880279541
45000 	0.8959701061248779
50000 	0.9701781272888184
60000 	1.116107702255249
70000 	1.2342677116394043
80000 	1.3940672874450684
90000 	1.5553858280181885
100000 	1.6861844062805176
110000 	1.852247714996338
120000 	2.0099611282348633
130000 	2.1659576892852783
140000 	2.3060684204101562
150000 	2.4632246494293213
160000 	2.594640016555786
170000 	2.7904837131500244
180000 	2.9038491249084473
190000 	3.045311212539673
200000 	3.167060613632202
300000 	4.509196996688843
400000 	5.951690196990967
500000 	7.38489556312561
600000 	8.993311166763306
700000 	10.064895153045654
800000 	10.700338363647461
900000 	11.334054708480835
1000000 	11.928412675857544
1100000 	12.48688793182373
1200000 	13.116877317428589
1300000 	13.774145364761353
1400000 	14.368090391159058
1500000 	14.967013835906982
1600000 	15.61716914176941
1700000 	16.289804697036743
1800000 	16.787533044815063
1900000 	17.315178632736206
2000000 	17.95469069480896
3000000 	24.13546109199524
4000000 	0
5000000 	0
6000000 	0
7000000 	0
8000000 	0
9000000 	0
10000000 	0
