10 	0.06028580665588379
20 	0.06030011177062988
30 	0.06031227111816406
40 	0.06032395362854004
50 	0.06033635139465332
60 	0.06035804748535156
70 	0.060370445251464844
80 	0.06038236618041992
90 	0.060395002365112305
100 	0.060407161712646484
200 	0.06053757667541504
300 	0.06067800521850586
400 	0.060808658599853516
500 	0.06093907356262207
600 	0.06106972694396973
700 	0.06120014190673828
800 	0.06132960319519043
900 	0.061460018157958984
1000 	0.06159019470214844
2000 	0.06290721893310547
3000 	0.11183714866638184
4000 	0.1131582260131836
5000 	0.14894843101501465
6000 	0.15025711059570312
7000 	0.17574334144592285
8000 	0.17705011367797852
9000 	0.2145683765411377
10000 	0.21589255332946777
11000 	0.24703574180603027
12000 	0.2483532428741455
13000 	0.2665979862213135
14000 	0.26791882514953613
15000 	0.29961609840393066
17500 	0.3161485195159912
20000 	0.3313868045806885
22500 	0.34880995750427246
25000 	0.36446189880371094
30000 	0.39032697677612305
35000 	0.4271664619445801
40000 	0.44742536544799805
45000 	0.47380805015563965
50000 	0.4973294734954834
60000 	0.5637979507446289
70000 	0.6197986602783203
80000 	0.6780650615692139
90000 	0.7296154499053955
100000 	0.7809441089630127
110000 	0.8365414142608643
120000 	0.8899905681610107
130000 	0.9435670375823975
140000 	0.997722864151001
150000 	1.046701192855835
160000 	1.0942893028259277
170000 	1.144608736038208
180000 	1.1984941959381104
190000 	1.245988368988037
200000 	1.292924404144287
300000 	1.943619728088379
400000 	2.633361577987671
500000 	3.4300191402435303
600000 	3.915259838104248
700000 	4.407495498657227
800000 	4.921875953674316
900000 	5.571195363998413
1000000 	6.224587440490723
1100000 	7.288394212722778
1200000 	8.204477787017822
1300000 	8.86272144317627
1400000 	9.539444923400879
1500000 	10.672680616378784
1600000 	11.365894794464111
1700000 	12.255524158477783
1800000 	12.912530422210693
1900000 	13.561464071273804
2000000 	14.053918838500977
3000000 	24.611582040786743
4000000 	30.647249460220337
5000000 	35.4729642868042
6000000 	41.084712743759155
7000000 	46.13362240791321
8000000 	52.425605058670044
9000000 	0
10000000 	0
