10 	0.020217180252075195
20 	0.020231246948242188
30 	0.02024364471435547
40 	0.02025604248046875
50 	0.02026844024658203
60 	0.020289182662963867
70 	0.020301342010498047
80 	0.020313739776611328
90 	0.02032613754272461
100 	0.020338773727416992
200 	0.020480632781982422
300 	0.020613431930541992
400 	0.02074599266052246
500 	0.02087712287902832
600 	0.021009445190429688
700 	0.02114081382751465
800 	0.02127242088317871
900 	0.021409988403320312
1000 	0.02154064178466797
2000 	0.022874116897583008
3000 	0.035305023193359375
4000 	0.03663206100463867
5000 	0.051912546157836914
6000 	0.053243398666381836
7000 	0.06672883033752441
8000 	0.06805849075317383
9000 	0.08001184463500977
10000 	0.08133769035339355
11000 	0.09285855293273926
12000 	0.09417891502380371
13000 	0.10288548469543457
14000 	0.104217529296875
15000 	0.11231684684753418
17500 	0.12614822387695312
20000 	0.13668417930603027
22500 	0.15293550491333008
25000 	0.1628279685974121
30000 	0.18511009216308594
35000 	0.21388816833496094
40000 	0.23682045936584473
45000 	0.26442766189575195
50000 	0.28729796409606934
60000 	0.3405632972717285
70000 	0.3799448013305664
80000 	0.43050551414489746
90000 	0.4722156524658203
100000 	0.5244078636169434
110000 	0.5805604457855225
120000 	0.6200358867645264
130000 	0.6706984043121338
140000 	0.7258083820343018
150000 	0.7872130870819092
160000 	0.834277868270874
170000 	0.8900892734527588
180000 	0.9272415637969971
190000 	0.9671547412872314
200000 	1.016578197479248
300000 	1.5471651554107666
400000 	2.058530807495117
500000 	2.5740790367126465
600000 	2.9884161949157715
700000 	3.440906524658203
800000 	4.041107416152954
900000 	4.471462249755859
1000000 	4.960291862487793
1100000 	5.376254081726074
1200000 	5.856541633605957
1300000 	6.298549175262451
1400000 	6.761645078659058
1500000 	7.199457168579102
1600000 	7.779923677444458
1700000 	8.26618766784668
1800000 	9.374713659286499
1900000 	10.824100255966187
2000000 	11.62841510772705
3000000 	18.354316473007202
4000000 	0
5000000 	0
6000000 	0
7000000 	0
8000000 	0
9000000 	0
10000000 	0
