10 	0.04666447639465332
20 	0.04669523239135742
30 	0.04672384262084961
40 	0.04676222801208496
50 	0.04678988456726074
60 	0.04683494567871094
70 	0.04686117172241211
80 	0.04688763618469238
90 	0.046913862228393555
100 	0.04694080352783203
200 	0.04721856117248535
300 	0.04749560356140137
400 	0.04778695106506348
500 	0.0480654239654541
600 	0.04834413528442383
700 	0.04862165451049805
800 	0.04890751838684082
900 	0.04920148849487305
1000 	0.04948163032531738
2000 	0.052129268646240234
3000 	0.09277677536010742
4000 	0.09555578231811523
5000 	0.13523197174072266
6000 	0.13800382614135742
7000 	0.1806168556213379
8000 	0.18340611457824707
9000 	0.22519540786743164
10000 	0.2280271053314209
11000 	0.2870326042175293
12000 	0.2898092269897461
13000 	0.3455018997192383
14000 	0.34833765029907227
15000 	0.4217946529388428
17500 	0.5180003643035889
20000 	0.5698604583740234
22500 	0.7300114631652832
25000 	0.7806227207183838
30000 	0.8648271560668945
35000 	0.9960365295410156
40000 	1.0917541980743408
45000 	1.2191135883331299
50000 	1.3139665126800537
60000 	1.5187571048736572
70000 	1.7536156177520752
80000 	1.9791100025177002
90000 	2.1927316188812256
100000 	2.4131109714508057
110000 	2.6200928688049316
120000 	2.878319263458252
130000 	3.0960733890533447
140000 	3.33687162399292
150000 	3.5867059230804443
160000 	3.8257272243499756
170000 	4.068133115768433
180000 	4.511151075363159
190000 	4.784471035003662
200000 	5.062586307525635
300000 	7.838382959365845
400000 	10.371789932250977
500000 	12.820252895355225
600000 	15.232647895812988
700000 	17.4691903591156
800000 	18.730860233306885
900000 	20.058019876480103
1000000 	22.447444200515747
1100000 	25.838534116744995
1200000 	30.243754625320435
1300000 	0
1400000 	0
1500000 	0
1600000 	0
1700000 	0
1800000 	0
1900000 	0
2000000 	0
3000000 	0
4000000 	0
5000000 	0
6000000 	0
7000000 	0
8000000 	0
9000000 	0
10000000 	0
