10 	0.05935955047607422
20 	0.05940961837768555
30 	0.05944228172302246
40 	0.05947232246398926
50 	0.05950212478637695
60 	0.05955648422241211
70 	0.059586524963378906
80 	0.0596158504486084
90 	0.0596461296081543
100 	0.059676170349121094
200 	0.06000089645385742
300 	0.060320138931274414
400 	0.060640811920166016
500 	0.060967445373535156
600 	0.061286211013793945
700 	0.06160378456115723
800 	0.06193900108337402
900 	0.0622563362121582
1000 	0.06258416175842285
2000 	0.06580209732055664
3000 	0.10706424713134766
4000 	0.10839104652404785
5000 	0.1341843605041504
6000 	0.13581156730651855
7000 	0.1555800437927246
8000 	0.15692949295043945
9000 	0.16790199279785156
10000 	0.1692211627960205
11000 	0.17964792251586914
12000 	0.18098950386047363
13000 	0.1948835849761963
14000 	0.19622111320495605
15000 	0.2060253620147705
17500 	0.2212083339691162
20000 	0.2363278865814209
22500 	0.26820993423461914
25000 	0.28163909912109375
30000 	0.30623626708984375
35000 	0.33678483963012695
40000 	0.36518216133117676
45000 	0.40815305709838867
50000 	0.4371223449707031
60000 	0.5048441886901855
70000 	0.5704770088195801
80000 	0.6324856281280518
90000 	0.6871247291564941
100000 	0.7367582321166992
110000 	0.7920386791229248
120000 	0.835582971572876
130000 	0.8906557559967041
140000 	0.9394869804382324
150000 	0.9938359260559082
160000 	1.038851261138916
170000 	1.088346242904663
180000 	1.1389195919036865
190000 	1.1848468780517578
200000 	1.2374536991119385
300000 	1.7154171466827393
400000 	2.1899585723876953
500000 	2.7108492851257324
600000 	3.1783835887908936
700000 	3.665343761444092
800000 	4.1291491985321045
900000 	4.59884238243103
1000000 	5.096120595932007
1100000 	5.537240266799927
1200000 	6.039434432983398
1300000 	6.494876146316528
1400000 	6.9540956020355225
1500000 	7.412130832672119
1600000 	7.875861167907715
1700000 	8.346104621887207
1800000 	8.785454273223877
1900000 	9.254937410354614
2000000 	9.751992225646973
3000000 	14.57875370979309
4000000 	20.458946466445923
5000000 	27.341901540756226
6000000 	33.887367725372314
7000000 	43.014519453048706
8000000 	48.02231240272522
9000000 	0
10000000 	0
