10 	0.21981525421142578
20 	0.21985626220703125
30 	0.21988677978515625
40 	0.21992731094360352
50 	0.2199561595916748
60 	0.2200026512145996
70 	0.22002267837524414
80 	0.22004175186157227
90 	0.2200613021850586
100 	0.22008204460144043
200 	0.22041058540344238
300 	0.22072982788085938
400 	0.22104597091674805
500 	0.2213726043701172
600 	0.22168922424316406
700 	0.22200322151184082
800 	0.22231841087341309
900 	0.222642183303833
1000 	0.22296452522277832
2000 	0.22617816925048828
3000 	0.37825894355773926
4000 	0.381345272064209
5000 	0.5277347564697266
6000 	0.530689001083374
7000 	0.6616604328155518
8000 	0.6648292541503906
9000 	0.8073484897613525
10000 	0.8104257583618164
11000 	0.9481449127197266
12000 	0.9515635967254639
13000 	1.2808287143707275
14000 	1.2842090129852295
15000 	1.4917099475860596
17500 	1.6780073642730713
20000 	1.8679401874542236
22500 	2.2465782165527344
25000 	2.403149127960205
30000 	2.792919397354126
35000 	3.159414529800415
40000 	3.4097189903259277
45000 	3.9001336097717285
50000 	4.218997240066528
60000 	4.740306377410889
70000 	5.357497930526733
80000 	6.053440570831299
90000 	6.6967010498046875
100000 	7.518993377685547
110000 	8.166283369064331
120000 	8.769957065582275
130000 	9.515972375869751
140000 	10.3952317237854
150000 	11.9100923538208
160000 	12.740513563156128
170000 	13.582112789154053
180000 	14.305381536483765
190000 	15.132543087005615
200000 	15.80622124671936
300000 	23.55141282081604
400000 	32.41908264160156
500000 	40.22049117088318
600000 	48.74683713912964
700000 	52.58660960197449
800000 	56.353081703186035
900000 	60.34492874145508
1000000 	64.48822951316833
1100000 	69.33498978614807
1200000 	72.84515523910522
1300000 	78.19764018058777
1400000 	86.04467701911926
1500000 	96.52916693687439
1600000 	105.75842618942261
1700000 	112.73649954795837
1800000 	116.71551561355591
1900000 	123.23004651069641
2000000 	128.26655793190002
3000000 	190.91933298110962
4000000 	257.5646846294403
5000000 	0
6000000 	0
7000000 	0
8000000 	0
9000000 	0
10000000 	0
