10 	0.16363048553466797
20 	0.16364717483520508
30 	0.16366243362426758
40 	0.16367626190185547
50 	0.16369056701660156
60 	0.16371703147888184
70 	0.16373038291931152
80 	0.1637439727783203
90 	0.1637570858001709
100 	0.1637716293334961
200 	0.16391849517822266
300 	0.16406464576721191
400 	0.1642460823059082
500 	0.16439104080200195
600 	0.1645345687866211
700 	0.16467761993408203
800 	0.1648242473602295
900 	0.16496849060058594
1000 	0.1651155948638916
2000 	0.16658854484558105
3000 	0.22730326652526855
4000 	0.22874999046325684
5000 	0.30264902114868164
6000 	0.30405545234680176
7000 	0.37560510635375977
8000 	0.3770174980163574
9000 	0.44266533851623535
10000 	0.4441337585449219
11000 	0.5003461837768555
12000 	0.5017614364624023
13000 	0.5584535598754883
14000 	0.5598666667938232
15000 	0.6214425563812256
17500 	0.678114652633667
20000 	0.734189510345459
22500 	0.854250431060791
25000 	0.8968651294708252
30000 	1.0285589694976807
35000 	1.1818699836730957
40000 	1.2836391925811768
45000 	1.4350080490112305
50000 	1.5459094047546387
60000 	1.9059710502624512
70000 	2.23520565032959
80000 	2.5478515625
90000 	2.8928041458129883
100000 	3.2455453872680664
110000 	3.540018081665039
120000 	3.844635248184204
130000 	4.197457313537598
140000 	4.460952520370483
150000 	4.677835464477539
160000 	4.931535482406616
170000 	5.317586898803711
180000 	5.802335739135742
190000 	6.572341203689575
200000 	7.4196343421936035
300000 	14.265748977661133
400000 	20.758280038833618
500000 	28.226499795913696
600000 	30.834818840026855
700000 	31.47186255455017
800000 	33.01479387283325
900000 	37.436370849609375
1000000 	42.26697134971619
1100000 	47.559553146362305
1200000 	54.03203296661377
1300000 	60.778483867645264
1400000 	68.2668023109436
1500000 	77.18882250785828
1600000 	84.94629240036011
1700000 	0
1800000 	0
1900000 	0
2000000 	0
3000000 	0
4000000 	0
5000000 	0
6000000 	0
7000000 	0
8000000 	0
9000000 	0
10000000 	0
