10 	0.053963661193847656
20 	0.05397748947143555
30 	0.05398988723754883
40 	0.05400204658508301
50 	0.05401444435119629
60 	0.05403780937194824
70 	0.05404996871948242
80 	0.0540623664855957
90 	0.054074764251708984
100 	0.054087162017822266
200 	0.05422806739807129
300 	0.05435895919799805
400 	0.05449056625366211
500 	0.054621219635009766
600 	0.05476045608520508
700 	0.05489206314086914
800 	0.055023193359375
900 	0.055159807205200195
1000 	0.055291175842285156
2000 	0.0566103458404541
3000 	0.0806884765625
4000 	0.0820157527923584
5000 	0.1089930534362793
6000 	0.11031723022460938
7000 	0.1300816535949707
8000 	0.13141250610351562
9000 	0.14974069595336914
10000 	0.1510629653930664
11000 	0.16396498680114746
12000 	0.16528773307800293
13000 	0.17929768562316895
14000 	0.18062114715576172
15000 	0.2012338638305664
17500 	0.2187960147857666
20000 	0.23360538482666016
22500 	0.2622089385986328
25000 	0.27831125259399414
30000 	0.3011469841003418
35000 	0.3384673595428467
40000 	0.3607795238494873
45000 	0.3993339538574219
50000 	0.42757296562194824
60000 	0.48073387145996094
70000 	0.5398244857788086
80000 	0.6072075366973877
90000 	0.663963794708252
100000 	0.7185792922973633
110000 	0.7697169780731201
120000 	0.8162059783935547
130000 	0.8714678287506104
140000 	0.9306745529174805
150000 	0.9887089729309082
160000 	1.0395028591156006
170000 	1.0909290313720703
180000 	1.1394553184509277
190000 	1.1868937015533447
200000 	1.2337605953216553
300000 	1.7689142227172852
400000 	2.2855634689331055
500000 	2.756552219390869
600000 	3.2567901611328125
700000 	3.7922611236572266
800000 	4.791722774505615
900000 	6.241240739822388
1000000 	7.529804229736328
1100000 	8.575783967971802
1200000 	9.757360696792603
1300000 	10.813678503036499
1400000 	11.6105637550354
1500000 	12.08209490776062
1600000 	12.675593852996826
1700000 	13.166850566864014
1800000 	13.74375033378601
1900000 	14.22866177558899
2000000 	14.713781595230103
3000000 	22.713544845581055
4000000 	27.59767723083496
5000000 	35.130786418914795
6000000 	40.47433638572693
7000000 	45.96098208427429
8000000 	50.78924083709717
9000000 	55.50544333457947
10000000 	0
