10 	0.241058349609375
20 	0.24109530448913574
30 	0.24112915992736816
40 	0.24116277694702148
50 	0.2411949634552002
60 	0.24125337600708008
70 	0.2412858009338379
80 	0.2413182258605957
90 	0.2413630485534668
100 	0.24139761924743652
200 	0.24173212051391602
300 	0.24206948280334473
400 	0.24241232872009277
500 	0.2427530288696289
600 	0.24309444427490234
700 	0.2434382438659668
800 	0.24378705024719238
900 	0.24412059783935547
1000 	0.2444608211517334
2000 	0.2479085922241211
3000 	0.3816182613372803
4000 	0.38510823249816895
5000 	0.4431111812591553
6000 	0.4465210437774658
7000 	0.519573450088501
8000 	0.5230295658111572
9000 	0.5801544189453125
10000 	0.5835607051849365
11000 	0.6390688419342041
12000 	0.6425197124481201
13000 	0.7075903415679932
14000 	0.7107291221618652
15000 	0.7722041606903076
17500 	0.8329076766967773
20000 	0.9285180568695068
22500 	1.066749095916748
25000 	1.1645770072937012
30000 	1.367600917816162
35000 	1.611715316772461
40000 	1.767251968383789
45000 	2.053910732269287
50000 	2.168344736099243
60000 	2.488807439804077
70000 	2.9776430130004883
80000 	3.433772563934326
90000 	3.7777926921844482
100000 	4.085003614425659
110000 	4.566596508026123
120000 	5.028079986572266
130000 	5.780012845993042
140000 	6.166795015335083
150000 	6.553985595703125
160000 	6.8728930950164795
170000 	7.325195789337158
180000 	7.751007080078125
190000 	8.323585271835327
200000 	8.734710931777954
300000 	11.132429599761963
400000 	14.459581851959229
500000 	20.165980339050293
600000 	25.158058404922485
700000 	28.578094005584717
800000 	31.08696174621582
900000 	34.06389665603638
1000000 	37.235625982284546
1100000 	39.64448165893555
1200000 	43.50854015350342
1300000 	47.62353157997131
1400000 	50.26789331436157
1500000 	53.696617603302
1600000 	55.95688819885254
1700000 	58.565918922424316
1800000 	63.51504063606262
1900000 	70.72699046134949
2000000 	73.71806859970093
3000000 	118.44771528244019
4000000 	153.40078997612
5000000 	0
6000000 	0
7000000 	0
8000000 	0
9000000 	0
10000000 	0
