10 	0.014605283737182617
20 	0.014619588851928711
30 	0.014632701873779297
40 	0.014645814895629883
50 	0.014658689498901367
60 	0.014681577682495117
70 	0.014694690704345703
80 	0.014707088470458984
90 	0.014719963073730469
100 	0.014733314514160156
200 	0.014880657196044922
300 	0.015018701553344727
400 	0.015156984329223633
500 	0.015293359756469727
600 	0.015430450439453125
700 	0.015567779541015625
800 	0.015704870223999023
900 	0.015848875045776367
1000 	0.015995264053344727
2000 	0.01732945442199707
3000 	0.027399539947509766
4000 	0.02874016761779785
5000 	0.037198543548583984
6000 	0.03854870796203613
7000 	0.04736661911010742
8000 	0.04870915412902832
9000 	0.056627750396728516
10000 	0.0579681396484375
11000 	0.0663766860961914
12000 	0.06772541999816895
13000 	0.07575869560241699
14000 	0.07710719108581543
15000 	0.08512425422668457
17500 	0.09318876266479492
20000 	0.10165023803710938
22500 	0.1163792610168457
25000 	0.12523674964904785
30000 	0.14357638359069824
35000 	0.17073726654052734
40000 	0.18948030471801758
45000 	0.2158820629119873
50000 	0.23701715469360352
60000 	0.2738986015319824
70000 	0.3135864734649658
80000 	0.35457730293273926
90000 	0.3975956439971924
100000 	0.4385719299316406
110000 	0.4838991165161133
120000 	0.5252466201782227
130000 	0.563072919845581
140000 	0.6031618118286133
150000 	0.640709638595581
160000 	0.6828396320343018
170000 	0.7240867614746094
180000 	0.7650556564331055
190000 	0.8046855926513672
200000 	0.8418362140655518
300000 	1.2647922039031982
400000 	1.6779747009277344
500000 	2.0920188426971436
600000 	2.484562635421753
700000 	2.8735523223876953
800000 	3.2861123085021973
900000 	3.6778147220611572
1000000 	4.076791286468506
1100000 	0
1200000 	0
1300000 	0
1400000 	0
1500000 	0
1600000 	0
1700000 	0
1800000 	0
1900000 	0
2000000 	0
3000000 	0
4000000 	0
5000000 	0
6000000 	0
7000000 	0
8000000 	0
9000000 	0
10000000 	0
