10 	0.050362586975097656
20 	0.05037665367126465
30 	0.05038928985595703
40 	0.05040144920349121
50 	0.050414085388183594
60 	0.05043649673461914
70 	0.05044865608215332
80 	0.0504610538482666
90 	0.05047321319580078
100 	0.050486087799072266
200 	0.05061626434326172
300 	0.05074715614318848
400 	0.05089592933654785
500 	0.05103039741516113
600 	0.0511622428894043
700 	0.05129361152648926
800 	0.05142354965209961
900 	0.05155491828918457
1000 	0.05168867111206055
2000 	0.05306386947631836
3000 	0.06904315948486328
4000 	0.07040262222290039
5000 	0.08358478546142578
6000 	0.08491778373718262
7000 	0.09910273551940918
8000 	0.10043501853942871
9000 	0.11165428161621094
10000 	0.11298727989196777
11000 	0.1256399154663086
12000 	0.12697815895080566
13000 	0.1372213363647461
14000 	0.13854527473449707
15000 	0.14735078811645508
17500 	0.16149234771728516
20000 	0.1735057830810547
22500 	0.1892096996307373
25000 	0.20058465003967285
30000 	0.2220766544342041
35000 	0.24939370155334473
40000 	0.2714698314666748
45000 	0.29480957984924316
50000 	0.31324195861816406
60000 	0.35050010681152344
70000 	0.39261579513549805
80000 	0.43477535247802734
90000 	0.47591543197631836
100000 	0.5167746543884277
110000 	0.5517888069152832
120000 	0.5898945331573486
130000 	0.637028694152832
140000 	0.6762266159057617
150000 	0.7213485240936279
160000 	0.7585842609405518
170000 	0.7955102920532227
180000 	0.835411787033081
190000 	0.8777487277984619
200000 	0.9230420589447021
300000 	1.3167319297790527
400000 	1.684349536895752
500000 	2.0407650470733643
600000 	2.4051897525787354
700000 	2.7784249782562256
800000 	3.1600840091705322
900000 	3.532369375228882
1000000 	3.9241206645965576
1100000 	4.307544231414795
1200000 	4.673864126205444
1300000 	5.034862279891968
1400000 	5.390403985977173
1500000 	5.777695655822754
1600000 	6.143052577972412
1700000 	6.512668132781982
1800000 	6.867067575454712
1900000 	7.21307110786438
2000000 	7.587175130844116
3000000 	0
4000000 	0
5000000 	0
6000000 	0
7000000 	0
8000000 	0
9000000 	0
10000000 	0
