10 	0.267319917678833
20 	0.267336368560791
30 	0.2673501968383789
40 	0.2673637866973877
50 	0.2673776149749756
60 	0.26740479469299316
70 	0.26741862297058105
80 	0.26743245124816895
90 	0.26744794845581055
100 	0.26746177673339844
200 	0.26760435104370117
300 	0.26775693893432617
400 	0.2678992748260498
500 	0.2680506706237793
600 	0.26819396018981934
700 	0.2683382034301758
800 	0.2684810161590576
900 	0.26862263679504395
1000 	0.2687714099884033
2000 	0.2702040672302246
3000 	0.4608948230743408
4000 	0.4623286724090576
5000 	0.6243331432342529
6000 	0.6257796287536621
7000 	0.7988674640655518
8000 	0.8003003597259521
9000 	0.9463324546813965
10000 	0.9477546215057373
11000 	1.0772192478179932
12000 	1.0786359310150146
13000 	1.2321717739105225
14000 	1.2335987091064453
15000 	1.3893821239471436
17500 	1.5232796669006348
20000 	1.6699159145355225
22500 	2.1503171920776367
25000 	2.310100555419922
30000 	2.5512921810150146
35000 	3.015127420425415
40000 	3.4660837650299072
45000 	4.3618004322052
50000 	4.97472357749939
60000 	6.298407554626465
70000 	7.436652898788452
80000 	8.148590564727783
90000 	9.290940761566162
100000 	10.694267272949219
110000 	11.466721773147583
120000 	12.083641290664673
130000 	12.930866003036499
140000 	14.073930263519287
150000 	15.82553482055664
160000 	17.027650356292725
170000 	18.41282844543457
180000 	19.51013684272766
190000 	21.08111834526062
200000 	22.271575689315796
300000 	31.550346851348877
400000 	42.57120704650879
500000 	52.81642246246338
600000 	63.0269136428833
700000 	72.02180480957031
800000 	82.659255027771
900000 	94.71246528625488
1000000 	101.16435074806213
1100000 	106.03259682655334
1200000 	113.14557313919067
1300000 	119.020174741745
1400000 	124.25548577308655
1500000 	133.46284365653992
1600000 	141.8780596256256
1700000 	0
1800000 	0
1900000 	0
2000000 	0
3000000 	0
4000000 	0
5000000 	0
6000000 	0
7000000 	0
8000000 	0
9000000 	0
10000000 	0
