10 	0.02308058738708496
20 	0.02309441566467285
30 	0.023107051849365234
40 	0.023119211196899414
50 	0.02313995361328125
60 	0.02316141128540039
70 	0.023174047470092773
80 	0.023186922073364258
90 	0.02319955825805664
100 	0.023212432861328125
200 	0.02334761619567871
300 	0.0234835147857666
400 	0.02361893653869629
500 	0.023756742477416992
600 	0.023886680603027344
700 	0.024016857147216797
800 	0.024152755737304688
900 	0.024283170700073242
1000 	0.024413347244262695
2000 	0.025727033615112305
3000 	0.036417245864868164
4000 	0.03772878646850586
5000 	0.04812049865722656
6000 	0.0494379997253418
7000 	0.05872988700866699
8000 	0.060047149658203125
9000 	0.06935906410217285
10000 	0.07067537307739258
11000 	0.0767354965209961
12000 	0.07805228233337402
13000 	0.08579730987548828
14000 	0.08716511726379395
15000 	0.09177231788635254
17500 	0.10204100608825684
20000 	0.11310529708862305
22500 	0.12484455108642578
25000 	0.13656330108642578
30000 	0.15281319618225098
35000 	0.17490792274475098
40000 	0.19441962242126465
45000 	0.21503376960754395
50000 	0.23100972175598145
60000 	0.26958346366882324
70000 	0.30116939544677734
80000 	0.33701252937316895
90000 	0.3681910037994385
100000 	0.40082430839538574
110000 	0.4345271587371826
120000 	0.47307658195495605
130000 	0.5068998336791992
140000 	0.5381631851196289
150000 	0.5691041946411133
160000 	0.6042959690093994
170000 	0.6369805335998535
180000 	0.6753566265106201
190000 	0.7070515155792236
200000 	0.7422823905944824
300000 	1.0785045623779297
400000 	1.4123516082763672
500000 	1.7333083152770996
600000 	2.061821460723877
700000 	2.3730733394622803
800000 	2.6926732063293457
900000 	3.013705015182495
1000000 	3.325056552886963
1100000 	3.6360905170440674
1200000 	3.9713563919067383
1300000 	4.2916951179504395
1400000 	4.61476731300354
1500000 	4.924556732177734
1600000 	5.235952615737915
1700000 	5.54846715927124
1800000 	5.861555337905884
1900000 	6.1893470287323
2000000 	6.501391649246216
3000000 	9.721382141113281
4000000 	12.839117050170898
5000000 	15.94947600364685
6000000 	19.003962755203247
7000000 	22.126041650772095
8000000 	25.240351676940918
9000000 	28.370302438735962
10000000 	0
