10 	0.057188987731933594
20 	0.05720257759094238
30 	0.057214975357055664
40 	0.05722999572753906
50 	0.057244062423706055
60 	0.057270050048828125
70 	0.057282447814941406
80 	0.05729532241821289
90 	0.05730748176574707
100 	0.05732011795043945
200 	0.057451486587524414
300 	0.057591915130615234
400 	0.057723045349121094
500 	0.05785322189331055
600 	0.05799102783203125
700 	0.05812239646911621
800 	0.05825376510620117
900 	0.05838418006896973
1000 	0.05851411819458008
2000 	0.059830665588378906
3000 	0.08118319511413574
4000 	0.08250641822814941
5000 	0.09989380836486816
6000 	0.10120153427124023
7000 	0.11729788780212402
8000 	0.11863327026367188
9000 	0.14072036743164062
10000 	0.14203166961669922
11000 	0.16043615341186523
12000 	0.1617593765258789
13000 	0.1789567470550537
14000 	0.18026328086853027
15000 	0.18979120254516602
17500 	0.21021461486816406
20000 	0.2226874828338623
22500 	0.24726343154907227
25000 	0.2583506107330322
30000 	0.2807505130767822
35000 	0.3199448585510254
40000 	0.34528112411499023
45000 	0.37906789779663086
50000 	0.4035804271697998
60000 	0.46361279487609863
70000 	0.5217416286468506
80000 	0.5769293308258057
90000 	0.6355352401733398
100000 	0.689295768737793
110000 	0.7418527603149414
120000 	0.7947244644165039
130000 	0.8553266525268555
140000 	0.9059956073760986
150000 	0.960723876953125
160000 	1.0093300342559814
170000 	1.0620825290679932
180000 	1.1102924346923828
190000 	1.2078335285186768
200000 	1.301774501800537
300000 	2.007216691970825
400000 	2.4945271015167236
500000 	2.987948417663574
600000 	3.454678773880005
700000 	4.174617052078247
800000 	5.1731343269348145
900000 	6.189136505126953
1000000 	6.85504150390625
1100000 	7.724369764328003
1200000 	8.197115421295166
1300000 	8.668117046356201
1400000 	9.129210233688354
1500000 	9.580739498138428
1600000 	10.051072359085083
1700000 	10.515952110290527
1800000 	10.987546920776367
1900000 	11.418623447418213
2000000 	11.884535312652588
3000000 	17.15831732749939
4000000 	22.597451210021973
5000000 	28.044608116149902
6000000 	33.15081214904785
7000000 	38.014636754989624
8000000 	44.19826626777649
9000000 	0
10000000 	0
