10 	0.012561321258544922
20 	0.01257634162902832
30 	0.012588739395141602
40 	0.012601375579833984
50 	0.012613534927368164
60 	0.012637615203857422
70 	0.012650251388549805
80 	0.012662410736083984
90 	0.012682437896728516
100 	0.012695550918579102
200 	0.012827396392822266
300 	0.012960433959960938
400 	0.013102293014526367
500 	0.013234138488769531
600 	0.01336526870727539
700 	0.013497114181518555
800 	0.01362752914428711
900 	0.013758420944213867
1000 	0.013890266418457031
2000 	0.015219449996948242
3000 	0.02414560317993164
4000 	0.025467395782470703
5000 	0.03479743003845215
6000 	0.036144256591796875
7000 	0.04579567909240723
8000 	0.047153472900390625
9000 	0.054662466049194336
10000 	0.05602145195007324
11000 	0.06278419494628906
12000 	0.06412410736083984
13000 	0.07227587699890137
14000 	0.07360601425170898
15000 	0.08221936225891113
17500 	0.09174108505249023
20000 	0.10237574577331543
22500 	0.11692595481872559
25000 	0.12536883354187012
30000 	0.14525794982910156
35000 	0.1666243076324463
40000 	0.1864612102508545
45000 	0.21218299865722656
50000 	0.23015093803405762
60000 	0.2733135223388672
70000 	0.3134181499481201
80000 	0.3586139678955078
90000 	0.3992581367492676
100000 	0.4379255771636963
110000 	0.4789297580718994
120000 	0.5216464996337891
130000 	0.5642139911651611
140000 	0.6051263809204102
150000 	0.6458446979522705
160000 	0.685230016708374
170000 	0.7264726161956787
180000 	0.7671265602111816
190000 	0.8075695037841797
200000 	0.8500115871429443
300000 	1.2516274452209473
400000 	1.6561663150787354
500000 	2.0730535984039307
600000 	2.4672162532806396
700000 	2.8899176120758057
800000 	3.307215690612793
900000 	3.7089693546295166
1000000 	4.1354079246521
1100000 	0
1200000 	0
1300000 	0
1400000 	0
1500000 	0
1600000 	0
1700000 	0
1800000 	0
1900000 	0
2000000 	0
3000000 	0
4000000 	0
5000000 	0
6000000 	0
7000000 	0
8000000 	0
9000000 	0
10000000 	0
