10 	0.2023463249206543
20 	0.20238327980041504
30 	0.20241570472717285
40 	0.20244765281677246
50 	0.20248031616210938
60 	0.20253682136535645
70 	0.20256876945495605
80 	0.20260071754455566
90 	0.20263266563415527
100 	0.2026660442352295
200 	0.2030036449432373
300 	0.20336174964904785
400 	0.20370149612426758
500 	0.20404434204101562
600 	0.20441365242004395
700 	0.20475435256958008
800 	0.2050917148590088
900 	0.20543932914733887
1000 	0.20579075813293457
2000 	0.20931029319763184
3000 	0.36826419830322266
4000 	0.37171411514282227
5000 	0.5241687297821045
6000 	0.527667760848999
7000 	0.6624839305877686
8000 	0.665910005569458
9000 	0.7820227146148682
10000 	0.7854797840118408
11000 	0.9240195751190186
12000 	0.9274814128875732
13000 	1.0835413932800293
14000 	1.0870270729064941
15000 	1.2137620449066162
17500 	1.3698530197143555
20000 	1.6838452816009521
22500 	2.164546251296997
25000 	2.503278970718384
30000 	2.8490707874298096
35000 	3.2626967430114746
40000 	3.561060905456543
45000 	3.9179673194885254
50000 	4.228089332580566
60000 	5.008585691452026
70000 	6.1028523445129395
80000 	7.239388465881348
90000 	7.97995138168335
100000 	9.176593780517578
110000 	9.818870067596436
120000 	10.480634689331055
130000 	11.021510362625122
140000 	12.011500835418701
150000 	12.81318974494934
160000 	14.23772144317627
170000 	14.628359317779541
180000 	15.644760370254517
190000 	16.965760946273804
200000 	17.553569555282593
300000 	24.632822275161743
400000 	31.93084478378296
500000 	40.76951813697815
600000 	44.23919939994812
700000 	49.40591049194336
800000 	56.56403064727783
900000 	61.24790120124817
1000000 	64.71766352653503
1100000 	68.24182796478271
1200000 	71.7275903224945
1300000 	75.41398310661316
1400000 	79.06126642227173
1500000 	86.18022108078003
1600000 	93.70620775222778
1700000 	97.91865921020508
1800000 	102.97708511352539
1900000 	108.81839847564697
2000000 	115.86614632606506
3000000 	164.07800197601318
4000000 	233.09698581695557
5000000 	0
6000000 	0
7000000 	0
8000000 	0
9000000 	0
10000000 	0
