10 	0.02397322654724121
20 	0.02398681640625
30 	0.02399897575378418
40 	0.02401137351989746
50 	0.02402353286743164
60 	0.024045705795288086
70 	0.024057865142822266
80 	0.024070262908935547
90 	0.024082183837890625
100 	0.024094581604003906
200 	0.024224519729614258
300 	0.024362564086914062
400 	0.024494171142578125
500 	0.02463245391845703
600 	0.02476334571838379
700 	0.02489447593688965
800 	0.025024890899658203
900 	0.025155305862426758
1000 	0.02528667449951172
2000 	0.026606082916259766
3000 	0.041615962982177734
4000 	0.04293942451477051
5000 	0.050772666931152344
6000 	0.05209684371948242
7000 	0.0627131462097168
8000 	0.06402873992919922
9000 	0.07437562942504883
10000 	0.07570075988769531
11000 	0.08210110664367676
12000 	0.08341360092163086
13000 	0.09111213684082031
14000 	0.09244918823242188
15000 	0.09982109069824219
17500 	0.10859513282775879
20000 	0.11912989616394043
22500 	0.13541746139526367
25000 	0.1457667350769043
30000 	0.16548967361450195
35000 	0.18686938285827637
40000 	0.2029433250427246
45000 	0.22142624855041504
50000 	0.2364647388458252
60000 	0.27422666549682617
70000 	0.3067209720611572
80000 	0.3357203006744385
90000 	0.3727755546569824
100000 	0.4079113006591797
110000 	0.43889284133911133
120000 	0.4712545871734619
130000 	0.504737138748169
140000 	0.5377418994903564
150000 	0.5772361755371094
160000 	0.6117439270019531
170000 	0.6420791149139404
180000 	0.6776454448699951
190000 	0.7075088024139404
200000 	0.7393317222595215
300000 	1.056868314743042
400000 	1.3876893520355225
500000 	1.693453073501587
600000 	2.00455379486084
700000 	2.315763473510742
800000 	2.613831043243408
900000 	2.9234886169433594
1000000 	3.217816114425659
1100000 	3.519909143447876
1200000 	3.8198206424713135
1300000 	4.132558584213257
1400000 	4.431870460510254
1500000 	4.734804391860962
1600000 	5.041047811508179
1700000 	5.3360559940338135
1800000 	5.629504442214966
1900000 	5.947870492935181
2000000 	6.254940032958984
3000000 	9.318755388259888
4000000 	12.379026412963867
5000000 	15.407593250274658
6000000 	18.47565746307373
7000000 	21.465662717819214
8000000 	24.39989995956421
9000000 	27.47722554206848
10000000 	0
