10 	0.0444893465
20 	0.0445144065
30 	0.0445353060
40 	0.0445547712
50 	0.0445696894
60 	0.0445946999
70 	0.0446067389
80 	0.0446175883
90 	0.0446273339
100 	0.0446364370
200 	0.0446928161
300 	0.0447136212
400 	0.0447214226
500 	0.0447242251
600 	0.0447252582
700 	0.0447256343
800 	0.0447257777
900 	0.0447258297
1000 	0.0447258480
2000 	0.0447258588
3000 	0.0447258588
4000 	0.0447258588
5000 	0.0447258588
6000 	0.0447258588
7000 	0.0447258588
8000 	0.0447258588
9000 	0.0447258588
10000 	0.0447258588
11000 	0.0447258588
12000 	0.0447258588
13000 	0.0447258588
14000 	0.0447258588
15000 	0.0447258588
17500 	0.0447258588
20000 	0.0447258588
22500 	0.0447258588
25000 	0.0447258588
30000 	0.0447258588
35000 	0.0447258588
40000 	0.0447258588
45000 	0.0447258588
50000 	0.0447258588
60000 	0.0447258588
70000 	0.0447258588
80000 	0.0447258588
90000 	0.0447258588
100000 	0.0447258588
110000 	0.0447258588
120000 	0.0447258588
130000 	0.0447258588
140000 	0.0447258588
150000 	0.0447258588
160000 	0.0447258588
170000 	0.0447258588
180000 	0.0447258588
190000 	0.0447258588
200000 	0.0447258588
300000 	0.0447258588
400000 	0.0447258588
500000 	0.0447258588
600000 	0.0447258588
700000 	0.0447258588
800000 	0.0447258588
900000 	0.0447258588
1000000 	0.0447258588
1100000 	0.0447258588
1200000 	0.0447258588
1300000 	0.0000000000
1400000 	0.0000000000
1500000 	0.0000000000
1600000 	0.0000000000
1700000 	0.0000000000
1800000 	0.0000000000
1900000 	0.0000000000
2000000 	0.0000000000
3000000 	0.0000000000
4000000 	0.0000000000
5000000 	0.0000000000
6000000 	0.0000000000
7000000 	0.0000000000
8000000 	0.0000000000
9000000 	0.0000000000
10000000 	0.0000000000
