10 	0.2476443450
20 	0.2476621469
30 	0.2476797104
40 	0.2476935387
50 	0.2477078438
60 	0.2477355003
70 	0.2477492491
80 	0.2477630774
90 	0.2477773031
100 	0.2477917671
200 	0.2479368846
300 	0.2480851014
400 	0.2482413451
500 	0.2483924230
600 	0.2485358715
700 	0.2486819426
800 	0.2488269011
900 	0.2489703496
1000 	0.2491168976
2000 	0.2505755424
3000 	0.3991167545
4000 	0.4005609353
5000 	0.5291795731
6000 	0.5306092103
7000 	0.6971605619
8000 	0.6985926628
9000 	0.8691435655
10000 	0.8705948194
11000 	1.0725303491
12000 	1.0739503702
13000 	1.2574392160
14000 	1.2588700453
15000 	1.3798320293
17500 	1.4780953725
20000 	1.6140908400
22500 	1.9779184659
25000 	2.1723757585
30000 	2.4981324673
35000 	2.9430533250
40000 	3.3895997206
45000 	4.2822937965
50000 	4.6781655947
60000 	5.8149695396
70000 	6.8088906606
80000 	7.6300896009
90000 	8.4651215076
100000 	9.2459209760
110000 	9.8222286701
120000 	10.3841789563
130000 	11.0092226664
140000 	11.8700029055
150000 	12.7925057411
160000 	13.4649648666
170000 	14.2490813732
180000 	15.0357001623
190000 	16.0333105723
200000 	16.9413310687
300000 	25.7203028997
400000 	34.3499644597
500000 	42.6620585124
600000 	51.1199471951
700000 	57.8062601884
800000 	64.3716779550
900000 	74.6707594395
1000000 	81.7274003029
1100000 	87.2517717679
1200000 	93.9119578203
1300000 	101.0310744445
1400000 	108.8997213046
1500000 	119.8151641687
1600000 	128.4137530327
1700000 	0.0000000000
1800000 	0.0000000000
1900000 	0.0000000000
2000000 	0.0000000000
3000000 	0.0000000000
4000000 	0.0000000000
5000000 	0.0000000000
6000000 	0.0000000000
7000000 	0.0000000000
8000000 	0.0000000000
9000000 	0.0000000000
10000000 	0.0000000000
