10 	0.2646459262837942
20 	0.2646600507096871
30 	0.26467074573538824
40 	0.2646802453611927
50 	0.264688999088631
60 	0.2647048919796974
70 	0.2647120416739635
80 	0.26471851463269996
90 	0.264725081901302
100 	0.26473037431564916
200 	0.26476326224171565
300 	0.2647761047178948
400 	0.2647805009549823
500 	0.2647822507001209
600 	0.2647828439476478
700 	0.26478306216221636
800 	0.2647831410638643
900 	0.2647831698175251
1000 	0.26478318089855213
2000 	0.26478318702648057
3000 	0.2647831873758854
4000 	0.2647831873758854
5000 	0.2647831873758854
6000 	0.2647831873758854
7000 	0.2647831873758854
8000 	0.2647831873758854
9000 	0.2647831873758854
10000 	0.2647831873758854
11000 	0.2647831873758854
12000 	0.2647831873758854
13000 	0.2647831873758854
14000 	0.2647831873758854
15000 	0.2647831873758854
17500 	0.2647831873758854
20000 	0.2647831873758854
22500 	0.2647831873758854
25000 	0.2647831873758854
30000 	0.2647831873758854
35000 	0.2647831873758854
40000 	0.2647831873758854
45000 	0.2647831873758854
50000 	0.2647831873758854
60000 	0.2647831873758854
70000 	0.2647831873758854
80000 	0.2647831873758854
90000 	0.2647831873758854
100000 	0.2647831873758854
110000 	0.2647831873758854
120000 	0.2647831873758854
130000 	0.2647831873758854
140000 	0.2647831873758854
150000 	0.2647831873758854
160000 	0.2647831873758854
170000 	0.2647831873758854
180000 	0.2647831873758854
190000 	0.2647831873758854
200000 	0.2647831873758854
300000 	0.2647831873758854
400000 	0.2647831873758854
500000 	0.2647831873758854
600000 	0.2647831873758854
700000 	0.2647831873758854
800000 	0.2647831873758854
900000 	0.2647831873758854
1000000 	0.2647831873758854
1100000 	0.2647831873758854
1200000 	0.2647831873758854
1300000 	0.2647831873758854
1400000 	0.2647831873758854
1500000 	0.2647831873758854
1600000 	0.2647831873758854
1700000 	0
1800000 	0
1900000 	0
2000000 	0
3000000 	0
4000000 	0
5000000 	0
6000000 	0
7000000 	0
8000000 	0
9000000 	0
10000000 	0
