10 	0.04024084859235372
20 	0.040252718192082294
30 	0.0402621145472973
40 	0.040270782038334604
50 	0.04027832172579916
60 	0.04029183275870747
70 	0.04029799202634522
80 	0.040303679258434394
90 	0.04030902680456196
100 	0.04031377390553198
200 	0.04034363528908452
300 	0.04035477578828675
400 	0.04035884927208449
500 	0.04036046707173724
600 	0.04036100813909429
700 	0.040361208700502076
800 	0.04036128065099206
900 	0.040361307049589804
1000 	0.04036131738059113
2000 	0.040361323037762804
3000 	0.04036132307215485
4000 	0.04036132307215485
5000 	0.04036132307215485
6000 	0.04036132307215485
7000 	0.04036132307215485
8000 	0.04036132307215485
9000 	0.04036132307215485
10000 	0.04036132307215485
11000 	0.04036132307215485
12000 	0.04036132307215485
13000 	0.04036132307215485
14000 	0.04036132307215485
15000 	0.04036132307215485
17500 	0.04036132307215485
20000 	0.04036132307215485
22500 	0.04036132307215485
25000 	0.04036132307215485
30000 	0.04036132307215485
35000 	0.04036132307215485
40000 	0.04036132307215485
45000 	0.04036132307215485
50000 	0.04036132307215485
60000 	0.04036132307215485
70000 	0.04036132307215485
80000 	0.04036132307215485
90000 	0.04036132307215485
100000 	0.04036132307215485
110000 	0.04036132307215485
120000 	0.04036132307215485
130000 	0.04036132307215485
140000 	0.04036132307215485
150000 	0.04036132307215485
160000 	0.04036132307215485
170000 	0.04036132307215485
180000 	0.04036132307215485
190000 	0.04036132307215485
200000 	0.04036132307215485
300000 	0.04036132307215485
400000 	0.04036132307215485
500000 	0.04036132307215485
600000 	0.04036132307215485
700000 	0.04036132307215485
800000 	0.04036132307215485
900000 	0.04036132307215485
1000000 	0.04036132307215485
1100000 	0.04036132307215485
1200000 	0.04036132307215485
1300000 	0.04036132307215485
1400000 	0.04036132307215485
1500000 	0.04036132307215485
1600000 	0.04036132307215485
1700000 	0.04036132307215485
1800000 	0.04036132307215485
1900000 	0.04036132307215485
2000000 	0.04036132307215485
3000000 	0
4000000 	0
5000000 	0
6000000 	0
7000000 	0
8000000 	0
9000000 	0
10000000 	0
