10 	0.03132837928952811
20 	0.0313406674100625
30 	0.03135080954290926
40 	0.03136014143575126
50 	0.031368575038932256
60 	0.03138263515924211
70 	0.03138916793185874
80 	0.03139530295179295
90 	0.031400646274037936
100 	0.0314056668943371
200 	0.031436949660677574
300 	0.031448507563082144
400 	0.031452580881683706
500 	0.031454061627200415
600 	0.03145464086328427
700 	0.031454842210964985
800 	0.03145491478130286
900 	0.03145494121681371
1000 	0.031454950944384164
2000 	0.031454956632774075
3000 	0.03145495665541406
4000 	0.03145495665541406
5000 	0.03145495665541406
6000 	0.03145495665541406
7000 	0.03145495665541406
8000 	0.03145495665541406
9000 	0.03145495665541406
10000 	0.03145495665541406
11000 	0.03145495665541406
12000 	0.03145495665541406
13000 	0.03145495665541406
14000 	0.03145495665541406
15000 	0.03145495665541406
17500 	0.03145495665541406
20000 	0.03145495665541406
22500 	0.03145495665541406
25000 	0.03145495665541406
30000 	0.03145495665541406
35000 	0.03145495665541406
40000 	0.03145495665541406
45000 	0.03145495665541406
50000 	0.03145495665541406
60000 	0.03145495665541406
70000 	0.03145495665541406
80000 	0.03145495665541406
90000 	0.03145495665541406
100000 	0.03145495665541406
110000 	0.03145495665541406
120000 	0.03145495665541406
130000 	0.03145495665541406
140000 	0.03145495665541406
150000 	0.03145495665541406
160000 	0.03145495665541406
170000 	0.03145495665541406
180000 	0.03145495665541406
190000 	0.03145495665541406
200000 	0.03145495665541406
300000 	0.03145495665541406
400000 	0.03145495665541406
500000 	0.03145495665541406
600000 	0.03145495665541406
700000 	0.03145495665541406
800000 	0.03145495665541406
900000 	0.03145495665541406
1000000 	0.03145495665541406
1100000 	0.03145495665541406
1200000 	0.03145495665541406
1300000 	0.03145495665541406
1400000 	0.03145495665541406
1500000 	0.03145495665541406
1600000 	0.03145495665541406
1700000 	0.03145495665541406
1800000 	0.03145495665541406
1900000 	0.03145495665541406
2000000 	0.03145495665541406
3000000 	0.03145495665541406
4000000 	0.03145495665541406
5000000 	0.03145495665541406
6000000 	0.03145495665541406
7000000 	0.03145495665541406
8000000 	0.03145495665541406
9000000 	0.03145495665541406
10000000 	0
