10 	0.05876416313242935
20 	0.058806732146161236
30 	0.05883208212901118
40 	0.058853089636011914
50 	0.05887191674061412
60 	0.058903660625419796
70 	0.058919188806368615
80 	0.05893289409586011
90 	0.058945698199512446
100 	0.05895718342793741
200 	0.05903201742428745
300 	0.05905891727816294
400 	0.059068816178535315
500 	0.059072476480514745
600 	0.05907379287978569
700 	0.05907427385229236
800 	0.0590744600128166
900 	0.05907452436893997
1000 	0.05907454865496107
2000 	0.0590745624628682
3000 	0.0590745625367725
4000 	0.0590745625367725
5000 	0.0590745625367725
6000 	0.0590745625367725
7000 	0.0590745625367725
8000 	0.0590745625367725
9000 	0.0590745625367725
10000 	0.0590745625367725
11000 	0.0590745625367725
12000 	0.0590745625367725
13000 	0.0590745625367725
14000 	0.0590745625367725
15000 	0.0590745625367725
17500 	0.0590745625367725
20000 	0.0590745625367725
22500 	0.0590745625367725
25000 	0.0590745625367725
30000 	0.0590745625367725
35000 	0.0590745625367725
40000 	0.0590745625367725
45000 	0.0590745625367725
50000 	0.0590745625367725
60000 	0.0590745625367725
70000 	0.0590745625367725
80000 	0.0590745625367725
90000 	0.0590745625367725
100000 	0.0590745625367725
110000 	0.0590745625367725
120000 	0.0590745625367725
130000 	0.0590745625367725
140000 	0.0590745625367725
150000 	0.0590745625367725
160000 	0.0590745625367725
170000 	0.0590745625367725
180000 	0.0590745625367725
190000 	0.0590745625367725
200000 	0.0590745625367725
300000 	0.0590745625367725
400000 	0.0590745625367725
500000 	0.0590745625367725
600000 	0.0590745625367725
700000 	0.0590745625367725
800000 	0.0590745625367725
900000 	0.0590745625367725
1000000 	0.0590745625367725
1100000 	0.0590745625367725
1200000 	0.0590745625367725
1300000 	0.0590745625367725
1400000 	0.0590745625367725
1500000 	0.0590745625367725
1600000 	0.0590745625367725
1700000 	0.0590745625367725
1800000 	0.0590745625367725
1900000 	0.0590745625367725
2000000 	0.0590745625367725
3000000 	0.0590745625367725
4000000 	0.0590745625367725
5000000 	0.0590745625367725
6000000 	0.0590745625367725
7000000 	0.0590745625367725
8000000 	0.0590745625367725
9000000 	0
10000000 	0
