10 	0.11648279644056944
20 	0.11651122299712377
30 	0.11653444967883683
40 	0.11655528721997475
50 	0.1165745774956202
60 	0.1166010221596652
70 	0.1166165514687787
80 	0.116630475709388
90 	0.11664286561474736
100 	0.11665444450115128
200 	0.11672756728539585
300 	0.1167564769676327
400 	0.11676638664680448
500 	0.11676997238840506
600 	0.11677132400141244
700 	0.11677180738579974
800 	0.1167719833614731
900 	0.11677204975249554
1000 	0.11677207323183629
2000 	0.11677208718035449
3000 	0.11677208726441805
4000 	0.11677208726441805
5000 	0.11677208726441805
6000 	0.11677208726441805
7000 	0.11677208726441805
8000 	0.11677208726441805
9000 	0.11677208726441805
10000 	0.11677208726441805
11000 	0.11677208726441805
12000 	0.11677208726441805
13000 	0.11677208726441805
14000 	0.11677208726441805
15000 	0.11677208726441805
17500 	0.11677208726441805
20000 	0.11677208726441805
22500 	0.11677208726441805
25000 	0.11677208726441805
30000 	0.11677208726441805
35000 	0.11677208726441805
40000 	0.11677208726441805
45000 	0.11677208726441805
50000 	0.11677208726441805
60000 	0.11677208726441805
70000 	0.11677208726441805
80000 	0.11677208726441805
90000 	0.11677208726441805
100000 	0.11677208726441805
110000 	0.11677208726441805
120000 	0.11677208726441805
130000 	0.11677208726441805
140000 	0.11677208726441805
150000 	0.11677208726441805
160000 	0.11677208726441805
170000 	0.11677208726441805
180000 	0.11677208726441805
190000 	0.11677208726441805
200000 	0.11677208726441805
300000 	0.11677208726441805
400000 	0.11677208726441805
500000 	0.11677208726441805
600000 	0.11677208726441805
700000 	0.11677208726441805
800000 	0.11677208726441805
900000 	0.11677208726441805
1000000 	0.11677208726441805
1100000 	0.11677208726441805
1200000 	0.11677208726441805
1300000 	0.11677208726441805
1400000 	0.11677208726441805
1500000 	0.11677208726441805
1600000 	0.11677208726441805
1700000 	0.11677208726441805
1800000 	0.11677208726441805
1900000 	0.11677208726441805
2000000 	0.11677208726441805
3000000 	0.11677208726441805
4000000 	0
5000000 	0
6000000 	0
7000000 	0
8000000 	0
9000000 	0
10000000 	0
