10 	0.057936071275954695
20 	0.057948351048506874
30 	0.05795811312468676
40 	0.0579666042413253
50 	0.057974746580079166
60 	0.05798669097316562
70 	0.05799322011000208
80 	0.05799911834672719
90 	0.05800436533736069
100 	0.058009199680174095
200 	0.05803947583973348
300 	0.058050573635501354
400 	0.05805496421124936
500 	0.05805642880235651
600 	0.05805696738495047
700 	0.05805716459923849
800 	0.05805723709598618
900 	0.05805726354735264
1000 	0.058057273119722905
2000 	0.05805727886294774
3000 	0.05805727890293453
4000 	0.05805727890293453
5000 	0.05805727890293453
6000 	0.05805727890293453
7000 	0.05805727890293453
8000 	0.05805727890293453
9000 	0.05805727890293453
10000 	0.05805727890293453
11000 	0.05805727890293453
12000 	0.05805727890293453
13000 	0.05805727890293453
14000 	0.05805727890293453
15000 	0.05805727890293453
17500 	0.05805727890293453
20000 	0.05805727890293453
22500 	0.05805727890293453
25000 	0.05805727890293453
30000 	0.05805727890293453
35000 	0.05805727890293453
40000 	0.05805727890293453
45000 	0.05805727890293453
50000 	0.05805727890293453
60000 	0.05805727890293453
70000 	0.05805727890293453
80000 	0.05805727890293453
90000 	0.05805727890293453
100000 	0.05805727890293453
110000 	0.05805727890293453
120000 	0.05805727890293453
130000 	0.05805727890293453
140000 	0.05805727890293453
150000 	0.05805727890293453
160000 	0.05805727890293453
170000 	0.05805727890293453
180000 	0.05805727890293453
190000 	0.05805727890293453
200000 	0.05805727890293453
300000 	0.05805727890293453
400000 	0.05805727890293453
500000 	0.05805727890293453
600000 	0.05805727890293453
700000 	0.05805727890293453
800000 	0.05805727890293453
900000 	0.05805727890293453
1000000 	0.05805727890293453
1100000 	0.05805727890293453
1200000 	0.05805727890293453
1300000 	0.05805727890293453
1400000 	0.05805727890293453
1500000 	0.05805727890293453
1600000 	0.05805727890293453
1700000 	0.05805727890293453
1800000 	0.05805727890293453
1900000 	0.05805727890293453
2000000 	0.05805727890293453
3000000 	0.05805727890293453
4000000 	0.05805727890293453
5000000 	0.05805727890293453
6000000 	0.05805727890293453
7000000 	0.05805727890293453
8000000 	0.05805727890293453
9000000 	0.05805727890293453
10000000 	0
