10 	0.011653531410923469
20 	0.011665624692161206
30 	0.011675206792706077
40 	0.011683877485376682
50 	0.011691722200658007
60 	0.011705658893719802
70 	0.011712072608325788
80 	0.011717985355691131
90 	0.011723225189914655
100 	0.011727969509991758
200 	0.011758076183072634
300 	0.0117691617665575
400 	0.011773543542256558
500 	0.01177503192135601
600 	0.011775573539418402
700 	0.011775772489739707
800 	0.01177584469921839
900 	0.011775871180510494
1000 	0.011775880809169196
2000 	0.011775886505420328
3000 	0.011775886521939337
4000 	0.011775886521939337
5000 	0.011775886521939337
6000 	0.011775886521939337
7000 	0.011775886521939337
8000 	0.011775886521939337
9000 	0.011775886521939337
10000 	0.011775886521939337
11000 	0.011775886521939337
12000 	0.011775886521939337
13000 	0.011775886521939337
14000 	0.011775886521939337
15000 	0.011775886521939337
17500 	0.011775886521939337
20000 	0.011775886521939337
22500 	0.011775886521939337
25000 	0.011775886521939337
30000 	0.011775886521939337
35000 	0.011775886521939337
40000 	0.011775886521939337
45000 	0.011775886521939337
50000 	0.011775886521939337
60000 	0.011775886521939337
70000 	0.011775886521939337
80000 	0.011775886521939337
90000 	0.011775886521939337
100000 	0.011775886521939337
110000 	0.011775886521939337
120000 	0.011775886521939337
130000 	0.011775886521939337
140000 	0.011775886521939337
150000 	0.011775886521939337
160000 	0.011775886521939337
170000 	0.011775886521939337
180000 	0.011775886521939337
190000 	0.011775886521939337
200000 	0.011775886521939337
300000 	0.011775886521939337
400000 	0.011775886521939337
500000 	0.011775886521939337
600000 	0.011775886521939337
700000 	0.011775886521939337
800000 	0.011775886521939337
900000 	0.011775886521939337
1000000 	0.011775886521939337
1100000 	0
1200000 	0
1300000 	0
1400000 	0
1500000 	0
1600000 	0
1700000 	0
1800000 	0
1900000 	0
2000000 	0
3000000 	0
4000000 	0
5000000 	0
6000000 	0
7000000 	0
8000000 	0
9000000 	0
10000000 	0
