10 	0.01445854549150001
20 	0.01447081280897024
30 	0.014480960619520852
40 	0.014490131440747471
50 	0.01449827045524128
60 	0.014511635956121862
70 	0.014518412219474572
80 	0.014524203611336916
90 	0.014529653497948845
100 	0.014534767784478354
200 	0.014568818016484816
300 	0.014580487838352653
400 	0.014584756783885227
500 	0.01458629399898165
600 	0.014586860267896863
700 	0.01458706794782547
800 	0.014587143983089594
900 	0.01458717288039848
1000 	0.014587183506949191
2000 	0.014587189239283744
3000 	0.014587189255608349
4000 	0.014587189255608349
5000 	0.014587189255608349
6000 	0.014587189255608349
7000 	0.014587189255608349
8000 	0.014587189255608349
9000 	0.014587189255608349
10000 	0.014587189255608349
11000 	0.014587189255608349
12000 	0.014587189255608349
13000 	0.014587189255608349
14000 	0.014587189255608349
15000 	0.014587189255608349
17500 	0.014587189255608349
20000 	0.014587189255608349
22500 	0.014587189255608349
25000 	0.014587189255608349
30000 	0.014587189255608349
35000 	0.014587189255608349
40000 	0.014587189255608349
45000 	0.014587189255608349
50000 	0.014587189255608349
60000 	0.014587189255608349
70000 	0.014587189255608349
80000 	0.014587189255608349
90000 	0.014587189255608349
100000 	0.014587189255608349
110000 	0.014587189255608349
120000 	0.014587189255608349
130000 	0.014587189255608349
140000 	0.014587189255608349
150000 	0.014587189255608349
160000 	0.014587189255608349
170000 	0.014587189255608349
180000 	0.014587189255608349
190000 	0.014587189255608349
200000 	0.014587189255608349
300000 	0.014587189255608349
400000 	0.014587189255608349
500000 	0.014587189255608349
600000 	0.014587189255608349
700000 	0.014587189255608349
800000 	0.014587189255608349
900000 	0.014587189255608349
1000000 	0.014587189255608349
1100000 	0
1200000 	0
1300000 	0
1400000 	0
1500000 	0
1600000 	0
1700000 	0
1800000 	0
1900000 	0
2000000 	0
3000000 	0
4000000 	0
5000000 	0
6000000 	0
7000000 	0
8000000 	0
9000000 	0
10000000 	0
