10 	0.023732825066648356
20 	0.023744479233424147
30 	0.023753873789248127
40 	0.023762536229183638
50 	0.023770220101567725
60 	0.0237831669918711
70 	0.02378945420329878
80 	0.023795248031337084
90 	0.02380028165880008
100 	0.023805021370350107
200 	0.023834960154274512
300 	0.02384638838725613
400 	0.023850463488708316
500 	0.023852007921632508
600 	0.023852549363270473
700 	0.023852748321639913
800 	0.023852820459452938
900 	0.023852846896071048
1000 	0.02385285664065774
2000 	0.02385286230550482
3000 	0.02385286233099708
4000 	0.02385286233099708
5000 	0.02385286233099708
6000 	0.02385286233099708
7000 	0.02385286233099708
8000 	0.02385286233099708
9000 	0.02385286233099708
10000 	0.02385286233099708
11000 	0.02385286233099708
12000 	0.02385286233099708
13000 	0.02385286233099708
14000 	0.02385286233099708
15000 	0.02385286233099708
17500 	0.02385286233099708
20000 	0.02385286233099708
22500 	0.02385286233099708
25000 	0.02385286233099708
30000 	0.02385286233099708
35000 	0.02385286233099708
40000 	0.02385286233099708
45000 	0.02385286233099708
50000 	0.02385286233099708
60000 	0.02385286233099708
70000 	0.02385286233099708
80000 	0.02385286233099708
90000 	0.02385286233099708
100000 	0.02385286233099708
110000 	0.02385286233099708
120000 	0.02385286233099708
130000 	0.02385286233099708
140000 	0.02385286233099708
150000 	0.02385286233099708
160000 	0.02385286233099708
170000 	0.02385286233099708
180000 	0.02385286233099708
190000 	0.02385286233099708
200000 	0.02385286233099708
300000 	0.02385286233099708
400000 	0.02385286233099708
500000 	0.02385286233099708
600000 	0.02385286233099708
700000 	0.02385286233099708
800000 	0.02385286233099708
900000 	0.02385286233099708
1000000 	0.02385286233099708
1100000 	0.02385286233099708
1200000 	0.02385286233099708
1300000 	0.02385286233099708
1400000 	0.02385286233099708
1500000 	0.02385286233099708
1600000 	0.02385286233099708
1700000 	0.02385286233099708
1800000 	0.02385286233099708
1900000 	0.02385286233099708
2000000 	0.02385286233099708
3000000 	0.02385286233099708
4000000 	0.02385286233099708
5000000 	0.02385286233099708
6000000 	0.02385286233099708
7000000 	0.02385286233099708
8000000 	0.02385286233099708
9000000 	0.02385286233099708
10000000 	0
