10 	0.056616418622664096
20 	0.05662809543527549
30 	0.056637675605278694
40 	0.05664810159069964
50 	0.05665703448637831
60 	0.0566722482381032
70 	0.05667866071212071
80 	0.05668468452209517
90 	0.05668982886523592
100 	0.0566946705792078
200 	0.05672506234159428
300 	0.056736596110575986
400 	0.05674065764656286
500 	0.056742127866255605
600 	0.05674270952893189
700 	0.05674290885566577
800 	0.056742981574728846
900 	0.056743008007631456
1000 	0.05674301762051565
2000 	0.05674302345094513
3000 	0.05674302348814833
4000 	0.05674302348814833
5000 	0.05674302348814833
6000 	0.05674302348814833
7000 	0.05674302348814833
8000 	0.05674302348814833
9000 	0.05674302348814833
10000 	0.05674302348814833
11000 	0.05674302348814833
12000 	0.05674302348814833
13000 	0.05674302348814833
14000 	0.05674302348814833
15000 	0.05674302348814833
17500 	0.05674302348814833
20000 	0.05674302348814833
22500 	0.05674302348814833
25000 	0.05674302348814833
30000 	0.05674302348814833
35000 	0.05674302348814833
40000 	0.05674302348814833
45000 	0.05674302348814833
50000 	0.05674302348814833
60000 	0.05674302348814833
70000 	0.05674302348814833
80000 	0.05674302348814833
90000 	0.05674302348814833
100000 	0.05674302348814833
110000 	0.05674302348814833
120000 	0.05674302348814833
130000 	0.05674302348814833
140000 	0.05674302348814833
150000 	0.05674302348814833
160000 	0.05674302348814833
170000 	0.05674302348814833
180000 	0.05674302348814833
190000 	0.05674302348814833
200000 	0.05674302348814833
300000 	0.05674302348814833
400000 	0.05674302348814833
500000 	0.05674302348814833
600000 	0.05674302348814833
700000 	0.05674302348814833
800000 	0.05674302348814833
900000 	0.05674302348814833
1000000 	0.05674302348814833
1100000 	0.05674302348814833
1200000 	0.05674302348814833
1300000 	0.05674302348814833
1400000 	0.05674302348814833
1500000 	0.05674302348814833
1600000 	0.05674302348814833
1700000 	0.05674302348814833
1800000 	0.05674302348814833
1900000 	0.05674302348814833
2000000 	0.05674302348814833
3000000 	0.05674302348814833
4000000 	0.05674302348814833
5000000 	0.05674302348814833
6000000 	0.05674302348814833
7000000 	0.05674302348814833
8000000 	0.05674302348814833
9000000 	0
10000000 	0
