10 	0.1619933040923624
20 	0.1620076850763599
30 	0.16201953097132216
40 	0.16202919500695168
50 	0.16203824887227236
60 	0.16205370631562832
70 	0.1620606127927608
80 	0.16206695886268
90 	0.1620725010634575
100 	0.16207807259684354
200 	0.16211234440548572
300 	0.16212462105743233
400 	0.16213007547223213
500 	0.16213172464447054
600 	0.16213231708962933
700 	0.16213253414347065
800 	0.16213261506682033
900 	0.16213264438335684
1000 	0.1621326554643817
2000 	0.1621326619709635
3000 	0.16213266208048707
4000 	0.16213266208048707
5000 	0.16213266208048707
6000 	0.16213266208048707
7000 	0.16213266208048707
8000 	0.16213266208048707
9000 	0.16213266208048707
10000 	0.16213266208048707
11000 	0.16213266208048707
12000 	0.16213266208048707
13000 	0.16213266208048707
14000 	0.16213266208048707
15000 	0.16213266208048707
17500 	0.16213266208048707
20000 	0.16213266208048707
22500 	0.16213266208048707
25000 	0.16213266208048707
30000 	0.16213266208048707
35000 	0.16213266208048707
40000 	0.16213266208048707
45000 	0.16213266208048707
50000 	0.16213266208048707
60000 	0.16213266208048707
70000 	0.16213266208048707
80000 	0.16213266208048707
90000 	0.16213266208048707
100000 	0.16213266208048707
110000 	0.16213266208048707
120000 	0.16213266208048707
130000 	0.16213266208048707
140000 	0.16213266208048707
150000 	0.16213266208048707
160000 	0.16213266208048707
170000 	0.16213266208048707
180000 	0.16213266208048707
190000 	0.16213266208048707
200000 	0.16213266208048707
300000 	0.16213266208048707
400000 	0.16213266208048707
500000 	0.16213266208048707
600000 	0.16213266208048707
700000 	0.16213266208048707
800000 	0.16213266208048707
900000 	0.16213266208048707
1000000 	0.16213266208048707
1100000 	0.16213266208048707
1200000 	0.16213266208048707
1300000 	0.16213266208048707
1400000 	0.16213266208048707
1500000 	0.16213266208048707
1600000 	0.16213266208048707
1700000 	0
1800000 	0
1900000 	0
2000000 	0
3000000 	0
4000000 	0
5000000 	0
6000000 	0
7000000 	0
8000000 	0
9000000 	0
10000000 	0
