10 	0.02284913613427043
20 	0.022860999582579134
30 	0.022870765126572084
40 	0.022879261224513826
50 	0.02289214693308045
60 	0.022904626263109327
70 	0.022911155412341653
80 	0.02291717698960381
90 	0.022922518271609498
100 	0.022927447960412677
200 	0.022958637390263992
300 	0.022970089827944337
400 	0.022974275453765604
500 	0.022975865996066058
600 	0.02297640303949914
700 	0.022976600229882144
800 	0.022976674330014546
900 	0.022976700787075616
1000 	0.022976710422090648
2000 	0.022976716039007344
3000 	0.022976716056494827
4000 	0.022976716056494827
5000 	0.022976716056494827
6000 	0.022976716056494827
7000 	0.022976716056494827
8000 	0.022976716056494827
9000 	0.022976716056494827
10000 	0.022976716056494827
11000 	0.022976716056494827
12000 	0.022976716056494827
13000 	0.022976716056494827
14000 	0.022976716056494827
15000 	0.022976716056494827
17500 	0.022976716056494827
20000 	0.022976716056494827
22500 	0.022976716056494827
25000 	0.022976716056494827
30000 	0.022976716056494827
35000 	0.022976716056494827
40000 	0.022976716056494827
45000 	0.022976716056494827
50000 	0.022976716056494827
60000 	0.022976716056494827
70000 	0.022976716056494827
80000 	0.022976716056494827
90000 	0.022976716056494827
100000 	0.022976716056494827
110000 	0.022976716056494827
120000 	0.022976716056494827
130000 	0.022976716056494827
140000 	0.022976716056494827
150000 	0.022976716056494827
160000 	0.022976716056494827
170000 	0.022976716056494827
180000 	0.022976716056494827
190000 	0.022976716056494827
200000 	0.022976716056494827
300000 	0.022976716056494827
400000 	0.022976716056494827
500000 	0.022976716056494827
600000 	0.022976716056494827
700000 	0.022976716056494827
800000 	0.022976716056494827
900000 	0.022976716056494827
1000000 	0.022976716056494827
1100000 	0.022976716056494827
1200000 	0.022976716056494827
1300000 	0.022976716056494827
1400000 	0.022976716056494827
1500000 	0.022976716056494827
1600000 	0.022976716056494827
1700000 	0.022976716056494827
1800000 	0.022976716056494827
1900000 	0.022976716056494827
2000000 	0.022976716056494827
3000000 	0.022976716056494827
4000000 	0.022976716056494827
5000000 	0.022976716056494827
6000000 	0.022976716056494827
7000000 	0.022976716056494827
8000000 	0.022976716056494827
9000000 	0.022976716056494827
10000000 	0
