10 	0.30886194673435563
20 	0.3088792452817946
30 	0.3088972570569639
40 	0.30890708375717946
50 	0.3089164382967105
60 	0.30893358316989417
70 	0.3089408545905929
80 	0.3089474339304795
90 	0.3089533823216608
100 	0.3089591410961842
200 	0.3089928788233786
300 	0.30900514034978055
400 	0.3090096310147107
500 	0.3090113986069858
600 	0.3090119921548285
700 	0.3090122167228449
800 	0.3090122974512894
900 	0.3090123267377156
1000 	0.3090123374210683
2000 	0.3090123436826307
3000 	0.3090123440384949
4000 	0.3090123440384949
5000 	0.3090123440384949
6000 	0.3090123440384949
7000 	0.3090123440384949
8000 	0.3090123440384949
9000 	0.3090123440384949
10000 	0.3090123440384949
11000 	0.3090123440384949
12000 	0.3090123440384949
13000 	0.3090123440384949
14000 	0.3090123440384949
15000 	0.3090123440384949
17500 	0.3090123440384949
20000 	0.3090123440384949
22500 	0.3090123440384949
25000 	0.3090123440384949
30000 	0.3090123440384949
35000 	0.3090123440384949
40000 	0.3090123440384949
45000 	0.3090123440384949
50000 	0.3090123440384949
60000 	0.3090123440384949
70000 	0.3090123440384949
80000 	0.3090123440384949
90000 	0.3090123440384949
100000 	0.3090123440384949
110000 	0.3090123440384949
120000 	0.3090123440384949
130000 	0.3090123440384949
140000 	0.3090123440384949
150000 	0.3090123440384949
160000 	0.3090123440384949
170000 	0.3090123440384949
180000 	0.3090123440384949
190000 	0.3090123440384949
200000 	0.3090123440384949
300000 	0.3090123440384949
400000 	0.3090123440384949
500000 	0.3090123440384949
600000 	0.3090123440384949
700000 	0.3090123440384949
800000 	0.3090123440384949
900000 	0.3090123440384949
1000000 	0.3090123440384949
1100000 	0.3090123440384949
1200000 	0.3090123440384949
1300000 	0.3090123440384949
1400000 	0.3090123440384949
1500000 	0.3090123440384949
1600000 	0.3090123440384949
1700000 	0
1800000 	0
1900000 	0
2000000 	0
3000000 	0
4000000 	0
5000000 	0
6000000 	0
7000000 	0
8000000 	0
9000000 	0
10000000 	0
