10 	0.053423341158224
20 	0.0534352128712588
30 	0.05344479645155636
40 	0.05345329105652627
50 	0.053461132675555474
60 	0.053474790695522
70 	0.05348107656510136
80 	0.053486874803016775
90 	0.053492114554614945
100 	0.0534968587817038
200 	0.053529637562808284
300 	0.0535406726875527
400 	0.053544737016501906
500 	0.053546212582645795
600 	0.05354678385000133
700 	0.053546983242046556
800 	0.05354705572811331
900 	0.053547082956888356
1000 	0.05354709270966376
2000 	0.05354709836340165
3000 	0.0535470984056295
4000 	0.0535470984056295
5000 	0.0535470984056295
6000 	0.0535470984056295
7000 	0.0535470984056295
8000 	0.0535470984056295
9000 	0.0535470984056295
10000 	0.0535470984056295
11000 	0.0535470984056295
12000 	0.0535470984056295
13000 	0.0535470984056295
14000 	0.0535470984056295
15000 	0.0535470984056295
17500 	0.0535470984056295
20000 	0.0535470984056295
22500 	0.0535470984056295
25000 	0.0535470984056295
30000 	0.0535470984056295
35000 	0.0535470984056295
40000 	0.0535470984056295
45000 	0.0535470984056295
50000 	0.0535470984056295
60000 	0.0535470984056295
70000 	0.0535470984056295
80000 	0.0535470984056295
90000 	0.0535470984056295
100000 	0.0535470984056295
110000 	0.0535470984056295
120000 	0.0535470984056295
130000 	0.0535470984056295
140000 	0.0535470984056295
150000 	0.0535470984056295
160000 	0.0535470984056295
170000 	0.0535470984056295
180000 	0.0535470984056295
190000 	0.0535470984056295
200000 	0.0535470984056295
300000 	0.0535470984056295
400000 	0.0535470984056295
500000 	0.0535470984056295
600000 	0.0535470984056295
700000 	0.0535470984056295
800000 	0.0535470984056295
900000 	0.0535470984056295
1000000 	0.0535470984056295
1100000 	0.0535470984056295
1200000 	0.0535470984056295
1300000 	0.0535470984056295
1400000 	0.0535470984056295
1500000 	0.0535470984056295
1600000 	0.0535470984056295
1700000 	0.0535470984056295
1800000 	0.0535470984056295
1900000 	0.0535470984056295
2000000 	0.0535470984056295
3000000 	0.0535470984056295
4000000 	0.0535470984056295
5000000 	0.0535470984056295
6000000 	0.0535470984056295
7000000 	0.0535470984056295
8000000 	0.0535470984056295
9000000 	0.0535470984056295
10000000 	0
