10 	0.20032112511959327
20 	0.20035288551111094
30 	0.2003779711217418
40 	0.2004003041476948
50 	0.20042095971392038
60 	0.20045393451575744
70 	0.20047045188210938
80 	0.20048539324604928
90 	0.2004989017560754
100 	0.20051166581398125
200 	0.20058944078809715
300 	0.20061898633707143
400 	0.20062952347522606
500 	0.2006334133110901
600 	0.2006349849995264
700 	0.200635500457076
800 	0.20063568740389204
900 	0.20063575790622012
1000 	0.20063578418587977
2000 	0.20063579939452814
3000 	0.20063579968203907
4000 	0.20063579968203907
5000 	0.20063579968203907
6000 	0.20063579968203907
7000 	0.20063579968203907
8000 	0.20063579968203907
9000 	0.20063579968203907
10000 	0.20063579968203907
11000 	0.20063579968203907
12000 	0.20063579968203907
13000 	0.20063579968203907
14000 	0.20063579968203907
15000 	0.20063579968203907
17500 	0.20063579968203907
20000 	0.20063579968203907
22500 	0.20063579968203907
25000 	0.20063579968203907
30000 	0.20063579968203907
35000 	0.20063579968203907
40000 	0.20063579968203907
45000 	0.20063579968203907
50000 	0.20063579968203907
60000 	0.20063579968203907
70000 	0.20063579968203907
80000 	0.20063579968203907
90000 	0.20063579968203907
100000 	0.20063579968203907
110000 	0.20063579968203907
120000 	0.20063579968203907
130000 	0.20063579968203907
140000 	0.20063579968203907
150000 	0.20063579968203907
160000 	0.20063579968203907
170000 	0.20063579968203907
180000 	0.20063579968203907
190000 	0.20063579968203907
200000 	0.20063579968203907
300000 	0.20063579968203907
400000 	0.20063579968203907
500000 	0.20063579968203907
600000 	0.20063579968203907
700000 	0.20063579968203907
800000 	0.20063579968203907
900000 	0.20063579968203907
1000000 	0.20063579968203907
1100000 	0.20063579968203907
1200000 	0.20063579968203907
1300000 	0.20063579968203907
1400000 	0.20063579968203907
1500000 	0.20063579968203907
1600000 	0.20063579968203907
1700000 	0.20063579968203907
1800000 	0.20063579968203907
1900000 	0.20063579968203907
2000000 	0.20063579968203907
3000000 	0.20063579968203907
4000000 	0.20063579968203907
5000000 	0
6000000 	0
7000000 	0
8000000 	0
9000000 	0
10000000 	0
