10 	0.05983946061455098
20 	0.05986938347983081
30 	0.059898160167553005
40 	0.05991949817374105
50 	0.05993787345956966
60 	0.05996961589057667
70 	0.059984900665396024
80 	0.059998608538528585
90 	0.06001090202012028
100 	0.06002240944472725
200 	0.06009367537927285
300 	0.06012052239485536
400 	0.06013056302658944
500 	0.06013408435787381
600 	0.06013536920567119
700 	0.060135857725365914
800 	0.06013603122895716
900 	0.060136097469073224
1000 	0.060136120973488395
2000 	0.0601361346537893
3000 	0.06013613475107601
4000 	0.06013613475107601
5000 	0.06013613475107601
6000 	0.06013613475107601
7000 	0.06013613475107601
8000 	0.06013613475107601
9000 	0.06013613475107601
10000 	0.06013613475107601
11000 	0.06013613475107601
12000 	0.06013613475107601
13000 	0.06013613475107601
14000 	0.06013613475107601
15000 	0.06013613475107601
17500 	0.06013613475107601
20000 	0.06013613475107601
22500 	0.06013613475107601
25000 	0.06013613475107601
30000 	0.06013613475107601
35000 	0.06013613475107601
40000 	0.06013613475107601
45000 	0.06013613475107601
50000 	0.06013613475107601
60000 	0.06013613475107601
70000 	0.06013613475107601
80000 	0.06013613475107601
90000 	0.06013613475107601
100000 	0.06013613475107601
110000 	0.06013613475107601
120000 	0.06013613475107601
130000 	0.06013613475107601
140000 	0.06013613475107601
150000 	0.06013613475107601
160000 	0.06013613475107601
170000 	0.06013613475107601
180000 	0.06013613475107601
190000 	0.06013613475107601
200000 	0.06013613475107601
300000 	0.06013613475107601
400000 	0.06013613475107601
500000 	0.06013613475107601
600000 	0.06013613475107601
700000 	0.06013613475107601
800000 	0.06013613475107601
900000 	0.06013613475107601
1000000 	0.06013613475107601
1100000 	0.06013613475107601
1200000 	0.06013613475107601
1300000 	0
1400000 	0
1500000 	0
1600000 	0
1700000 	0
1800000 	0
1900000 	0
2000000 	0
3000000 	0
4000000 	0
5000000 	0
6000000 	0
7000000 	0
8000000 	0
9000000 	0
10000000 	0
