10 	0.04619607036818104
20 	0.046222463813217894
30 	0.046244560674007305
40 	0.046271611765778486
50 	0.046289097869656834
60 	0.04631535315849425
70 	0.04632890656782588
80 	0.046341277549513095
90 	0.04635236913608584
100 	0.04636267935210834
200 	0.04642675259927998
300 	0.04645003722580364
400 	0.046458907878126995
500 	0.046462050733664974
600 	0.04646320110635789
700 	0.046463621882007006
800 	0.046463780211119
900 	0.04646383904074265
1000 	0.04646385986577021
2000 	0.04646387199475312
3000 	0.04646387206503063
4000 	0.04646387206503063
5000 	0.04646387206503063
6000 	0.04646387206503063
7000 	0.04646387206503063
8000 	0.04646387206503063
9000 	0.04646387206503063
10000 	0.04646387206503063
11000 	0.04646387206503063
12000 	0.04646387206503063
13000 	0.04646387206503063
14000 	0.04646387206503063
15000 	0.04646387206503063
17500 	0.04646387206503063
20000 	0.04646387206503063
22500 	0.04646387206503063
25000 	0.04646387206503063
30000 	0.04646387206503063
35000 	0.04646387206503063
40000 	0.04646387206503063
45000 	0.04646387206503063
50000 	0.04646387206503063
60000 	0.04646387206503063
70000 	0.04646387206503063
80000 	0.04646387206503063
90000 	0.04646387206503063
100000 	0.04646387206503063
110000 	0.04646387206503063
120000 	0.04646387206503063
130000 	0.04646387206503063
140000 	0.04646387206503063
150000 	0.04646387206503063
160000 	0.04646387206503063
170000 	0.04646387206503063
180000 	0.04646387206503063
190000 	0.04646387206503063
200000 	0.04646387206503063
300000 	0.04646387206503063
400000 	0.04646387206503063
500000 	0.04646387206503063
600000 	0.04646387206503063
700000 	0.04646387206503063
800000 	0.04646387206503063
900000 	0.04646387206503063
1000000 	0.04646387206503063
1100000 	0.04646387206503063
1200000 	0.04646387206503063
1300000 	0
1400000 	0
1500000 	0
1600000 	0
1700000 	0
1800000 	0
1900000 	0
2000000 	0
3000000 	0
4000000 	0
5000000 	0
6000000 	0
7000000 	0
8000000 	0
9000000 	0
10000000 	0
