10 	0.020014350924848563
20 	0.02002644223758351
30 	0.020036018716817372
40 	0.02004468610500101
50 	0.02005252026040453
60 	0.020064582616867666
70 	0.02007086347357982
80 	0.020076659534555962
90 	0.020081903296004528
100 	0.020086736620010922
200 	0.020120032793540247
300 	0.02013120426182601
400 	0.02013530840507104
500 	0.020136787784990073
600 	0.02013733342041926
700 	0.020137532139887455
800 	0.02013760494008635
900 	0.020137632481971254
1000 	0.02013764218547104
2000 	0.020137647819230872
3000 	0.02013764783994578
4000 	0.02013764783994578
5000 	0.02013764783994578
6000 	0.02013764783994578
7000 	0.02013764783994578
8000 	0.02013764783994578
9000 	0.02013764783994578
10000 	0.02013764783994578
11000 	0.02013764783994578
12000 	0.02013764783994578
13000 	0.02013764783994578
14000 	0.02013764783994578
15000 	0.02013764783994578
17500 	0.02013764783994578
20000 	0.02013764783994578
22500 	0.02013764783994578
25000 	0.02013764783994578
30000 	0.02013764783994578
35000 	0.02013764783994578
40000 	0.02013764783994578
45000 	0.02013764783994578
50000 	0.02013764783994578
60000 	0.02013764783994578
70000 	0.02013764783994578
80000 	0.02013764783994578
90000 	0.02013764783994578
100000 	0.02013764783994578
110000 	0.02013764783994578
120000 	0.02013764783994578
130000 	0.02013764783994578
140000 	0.02013764783994578
150000 	0.02013764783994578
160000 	0.02013764783994578
170000 	0.02013764783994578
180000 	0.02013764783994578
190000 	0.02013764783994578
200000 	0.02013764783994578
300000 	0.02013764783994578
400000 	0.02013764783994578
500000 	0.02013764783994578
600000 	0.02013764783994578
700000 	0.02013764783994578
800000 	0.02013764783994578
900000 	0.02013764783994578
1000000 	0.02013764783994578
1100000 	0.02013764783994578
1200000 	0.02013764783994578
1300000 	0.02013764783994578
1400000 	0.02013764783994578
1500000 	0.02013764783994578
1600000 	0.02013764783994578
1700000 	0.02013764783994578
1800000 	0.02013764783994578
1900000 	0.02013764783994578
2000000 	0.02013764783994578
3000000 	0.02013764783994578
4000000 	0
5000000 	0
6000000 	0
7000000 	0
8000000 	0
9000000 	0
10000000 	0
