10 	0.02743250842910365
20 	0.027451372348546603
30 	0.027463197101840697
40 	0.027473203529545215
50 	0.02748209687316426
60 	0.02749913065614472
70 	0.027506409434138374
80 	0.02751287883359601
90 	0.027518730677789725
100 	0.02752422233178511
200 	0.027558020422871414
300 	0.0275703039619472
400 	0.027574796937991784
500 	0.027576540222542387
600 	0.027577204292539854
700 	0.027577423384588476
800 	0.027577521792048743
900 	0.027577552655006405
1000 	0.02757756330839782
2000 	0.027577569685363235
3000 	0.027577569732826046
4000 	0.027577569732826046
5000 	0.027577569732826046
6000 	0.027577569732826046
7000 	0.027577569732826046
8000 	0.027577569732826046
9000 	0.027577569732826046
10000 	0.027577569732826046
11000 	0.027577569732826046
12000 	0.027577569732826046
13000 	0.027577569732826046
14000 	0.027577569732826046
15000 	0.027577569732826046
17500 	0.027577569732826046
20000 	0.027577569732826046
22500 	0.027577569732826046
25000 	0.027577569732826046
30000 	0.027577569732826046
35000 	0.027577569732826046
40000 	0.027577569732826046
45000 	0.027577569732826046
50000 	0.027577569732826046
60000 	0.027577569732826046
70000 	0.027577569732826046
80000 	0.027577569732826046
90000 	0.027577569732826046
100000 	0.027577569732826046
110000 	0.027577569732826046
120000 	0.027577569732826046
130000 	0.027577569732826046
140000 	0.027577569732826046
150000 	0.027577569732826046
160000 	0.027577569732826046
170000 	0.027577569732826046
180000 	0.027577569732826046
190000 	0.027577569732826046
200000 	0.027577569732826046
300000 	0.027577569732826046
400000 	0.027577569732826046
500000 	0.027577569732826046
600000 	0.027577569732826046
700000 	0.027577569732826046
800000 	0.027577569732826046
900000 	0.027577569732826046
1000000 	0.027577569732826046
1100000 	0.027577569732826046
1200000 	0.027577569732826046
1300000 	0
1400000 	0
1500000 	0
1600000 	0
1700000 	0
1800000 	0
1900000 	0
2000000 	0
3000000 	0
4000000 	0
5000000 	0
6000000 	0
7000000 	0
8000000 	0
9000000 	0
10000000 	0
