10 	0.2176154731976015
20 	0.2176505841735634
30 	0.21767417791155932
40 	0.21770220848109412
50 	0.21772046079616147
60 	0.2177477432933566
70 	0.21775810238262777
80 	0.21776702976768886
90 	0.2177752864785332
100 	0.21778324095906687
200 	0.2178581301911206
300 	0.2178851534489219
400 	0.21789493526073908
500 	0.2178985929029771
600 	0.2178999053091064
700 	0.21790038003600978
800 	0.21790055462988084
900 	0.21790062092281492
1000 	0.21790064457964164
2000 	0.217900658174589
3000 	0.21790065845004505
4000 	0.21790065845004505
5000 	0.21790065845004505
6000 	0.21790065845004505
7000 	0.21790065845004505
8000 	0.21790065845004505
9000 	0.21790065845004505
10000 	0.21790065845004505
11000 	0.21790065845004505
12000 	0.21790065845004505
13000 	0.21790065845004505
14000 	0.21790065845004505
15000 	0.21790065845004505
17500 	0.21790065845004505
20000 	0.21790065845004505
22500 	0.21790065845004505
25000 	0.21790065845004505
30000 	0.21790065845004505
35000 	0.21790065845004505
40000 	0.21790065845004505
45000 	0.21790065845004505
50000 	0.21790065845004505
60000 	0.21790065845004505
70000 	0.21790065845004505
80000 	0.21790065845004505
90000 	0.21790065845004505
100000 	0.21790065845004505
110000 	0.21790065845004505
120000 	0.21790065845004505
130000 	0.21790065845004505
140000 	0.21790065845004505
150000 	0.21790065845004505
160000 	0.21790065845004505
170000 	0.21790065845004505
180000 	0.21790065845004505
190000 	0.21790065845004505
200000 	0.21790065845004505
300000 	0.21790065845004505
400000 	0.21790065845004505
500000 	0.21790065845004505
600000 	0.21790065845004505
700000 	0.21790065845004505
800000 	0.21790065845004505
900000 	0.21790065845004505
1000000 	0.21790065845004505
1100000 	0.21790065845004505
1200000 	0.21790065845004505
1300000 	0.21790065845004505
1400000 	0.21790065845004505
1500000 	0.21790065845004505
1600000 	0.21790065845004505
1700000 	0.21790065845004505
1800000 	0.21790065845004505
1900000 	0.21790065845004505
2000000 	0.21790065845004505
3000000 	0.21790065845004505
4000000 	0.21790065845004505
5000000 	0
6000000 	0
7000000 	0
8000000 	0
9000000 	0
10000000 	0
