10 	0.012435057208710782
20 	0.012447975448564547
30 	0.012457557324654494
40 	0.012466384142061426
50 	0.012474069486179887
60 	0.012488154458663163
70 	0.012494681300567701
80 	0.012500358217786202
90 	0.012508850101949635
100 	0.012513872548584139
200 	0.01254438305331297
300 	0.012555602807955518
400 	0.01256007432616494
500 	0.012561563203751368
600 	0.012562104771131052
700 	0.01256230456525518
800 	0.012562376855836273
900 	0.01256240337174058
1000 	0.012562413144351744
2000 	0.012562418932630486
3000 	0.012562418946872269
4000 	0.012562418946872269
5000 	0.012562418946872269
6000 	0.012562418946872269
7000 	0.012562418946872269
8000 	0.012562418946872269
9000 	0.012562418946872269
10000 	0.012562418946872269
11000 	0.012562418946872269
12000 	0.012562418946872269
13000 	0.012562418946872269
14000 	0.012562418946872269
15000 	0.012562418946872269
17500 	0.012562418946872269
20000 	0.012562418946872269
22500 	0.012562418946872269
25000 	0.012562418946872269
30000 	0.012562418946872269
35000 	0.012562418946872269
40000 	0.012562418946872269
45000 	0.012562418946872269
50000 	0.012562418946872269
60000 	0.012562418946872269
70000 	0.012562418946872269
80000 	0.012562418946872269
90000 	0.012562418946872269
100000 	0.012562418946872269
110000 	0.012562418946872269
120000 	0.012562418946872269
130000 	0.012562418946872269
140000 	0.012562418946872269
150000 	0.012562418946872269
160000 	0.012562418946872269
170000 	0.012562418946872269
180000 	0.012562418946872269
190000 	0.012562418946872269
200000 	0.012562418946872269
300000 	0.012562418946872269
400000 	0.012562418946872269
500000 	0.012562418946872269
600000 	0.012562418946872269
700000 	0.012562418946872269
800000 	0.012562418946872269
900000 	0.012562418946872269
1000000 	0.012562418946872269
1100000 	0
1200000 	0
1300000 	0
1400000 	0
1500000 	0
1600000 	0
1700000 	0
1800000 	0
1900000 	0
2000000 	0
3000000 	0
4000000 	0
5000000 	0
6000000 	0
7000000 	0
8000000 	0
9000000 	0
10000000 	0
