10 	0.23864560787359052
20 	0.23867734388648343
30 	0.23870359007099162
40 	0.2387270851514394
50 	0.23874741191946966
60 	0.23878150525787128
70 	0.2387982757183121
80 	0.2388134289397714
90 	0.23883258933160467
100 	0.2388458318133739
200 	0.23892294150400187
300 	0.23895123010543076
400 	0.23896181269669706
500 	0.23896565709719264
600 	0.23896706582707605
700 	0.2389675840930066
800 	0.23896777531413863
900 	0.23896784323224682
1000 	0.23896786833581954
2000 	0.23896788297841032
3000 	0.23896788321970916
4000 	0.23896788321970916
5000 	0.23896788321970916
6000 	0.23896788321970916
7000 	0.23896788321970916
8000 	0.23896788321970916
9000 	0.23896788321970916
10000 	0.23896788321970916
11000 	0.23896788321970916
12000 	0.23896788321970916
13000 	0.23896788321970916
14000 	0.23896788321970916
15000 	0.23896788321970916
17500 	0.23896788321970916
20000 	0.23896788321970916
22500 	0.23896788321970916
25000 	0.23896788321970916
30000 	0.23896788321970916
35000 	0.23896788321970916
40000 	0.23896788321970916
45000 	0.23896788321970916
50000 	0.23896788321970916
60000 	0.23896788321970916
70000 	0.23896788321970916
80000 	0.23896788321970916
90000 	0.23896788321970916
100000 	0.23896788321970916
110000 	0.23896788321970916
120000 	0.23896788321970916
130000 	0.23896788321970916
140000 	0.23896788321970916
150000 	0.23896788321970916
160000 	0.23896788321970916
170000 	0.23896788321970916
180000 	0.23896788321970916
190000 	0.23896788321970916
200000 	0.23896788321970916
300000 	0.23896788321970916
400000 	0.23896788321970916
500000 	0.23896788321970916
600000 	0.23896788321970916
700000 	0.23896788321970916
800000 	0.23896788321970916
900000 	0.23896788321970916
1000000 	0.23896788321970916
1100000 	0.23896788321970916
1200000 	0.23896788321970916
1300000 	0.23896788321970916
1400000 	0.23896788321970916
1500000 	0.23896788321970916
1600000 	0.23896788321970916
1700000 	0.23896788321970916
1800000 	0.23896788321970916
1900000 	0.23896788321970916
2000000 	0.23896788321970916
3000000 	0.23896788321970916
4000000 	0.23896788321970916
5000000 	0
6000000 	0
7000000 	0
8000000 	0
9000000 	0
10000000 	0
