10 	2.391985443845218
20 	2.392001513066883
30 	2.392012935231096
40 	2.3920227754699765
50 	2.3920315276344937
60 	2.392046993463568
70 	2.392054141903951
80 	2.3920604946173665
90 	2.392066436837294
100 	2.3920717273600385
200 	2.3921043923856304
300 	2.3921163075710057
400 	2.392120643392289
500 	2.3921222260689805
600 	2.3921228184231853
700 	2.392123031088887
800 	2.39212310801025
900 	2.3921231363950763
1000 	2.392123146739486
2000 	2.3921231530756826
3000 	2.392123153559564
4000 	2.392123153559564
5000 	2.392123153559564
6000 	2.392123153559564
7000 	2.392123153559564
8000 	2.392123153559564
9000 	2.392123153559564
10000 	2.392123153559564
11000 	2.392123153559564
12000 	2.392123153559564
13000 	2.392123153559564
14000 	2.392123153559564
15000 	2.392123153559564
17500 	2.392123153559564
20000 	2.392123153559564
22500 	2.392123153559564
25000 	2.392123153559564
30000 	2.392123153559564
35000 	2.392123153559564
40000 	2.392123153559564
45000 	2.392123153559564
50000 	2.392123153559564
60000 	2.392123153559564
70000 	2.392123153559564
80000 	2.392123153559564
90000 	2.392123153559564
100000 	2.392123153559564
110000 	2.392123153559564
120000 	2.392123153559564
130000 	2.392123153559564
140000 	2.392123153559564
150000 	2.392123153559564
160000 	2.392123153559564
170000 	2.392123153559564
180000 	2.392123153559564
190000 	2.392123153559564
200000 	2.392123153559564
300000 	2.392123153559564
400000 	2.392123153559564
500000 	2.392123153559564
600000 	2.392123153559564
700000 	2.392123153559564
800000 	2.392123153559564
900000 	2.392123153559564
1000000 	2.392123153559564
1100000 	2.392123153559564
1200000 	2.392123153559564
1300000 	2.392123153559564
1400000 	2.392123153559564
1500000 	2.392123153559564
1600000 	2.392123153559564
1700000 	0
1800000 	0
1900000 	0
2000000 	0
3000000 	0
4000000 	0
5000000 	0
6000000 	0
7000000 	0
8000000 	0
9000000 	0
10000000 	0
