10 	2.459460508600943
20 	2.4594748418294534
30 	2.459485715011728
40 	2.459497781559194
50 	2.4595063699064186
60 	2.459521974476935
70 	2.459529000012579
80 	2.4595355816426356
90 	2.4595415311203648
100 	2.459547478293893
200 	2.4595796528434226
300 	2.4595913210173572
400 	2.4595956863464856
500 	2.459597333603995
600 	2.4595979026013457
700 	2.4595981134643012
800 	2.45959818981472
900 	2.4595982174761932
1000 	2.459598227607058
2000 	2.4595982352909322
3000 	2.4595982355808954
4000 	2.4595982355808954
5000 	2.4595982355808954
6000 	2.4595982355808954
7000 	2.4595982355808954
8000 	2.4595982355808954
9000 	2.4595982355808954
10000 	2.4595982355808954
11000 	2.4595982355808954
12000 	2.4595982355808954
13000 	2.4595982355808954
14000 	2.4595982355808954
15000 	2.4595982355808954
17500 	2.4595982355808954
20000 	2.4595982355808954
22500 	2.4595982355808954
25000 	2.4595982355808954
30000 	2.4595982355808954
35000 	2.4595982355808954
40000 	2.4595982355808954
45000 	2.4595982355808954
50000 	2.4595982355808954
60000 	2.4595982355808954
70000 	2.4595982355808954
80000 	2.4595982355808954
90000 	2.4595982355808954
100000 	2.4595982355808954
110000 	2.4595982355808954
120000 	2.4595982355808954
130000 	2.4595982355808954
140000 	2.4595982355808954
150000 	2.4595982355808954
160000 	2.4595982355808954
170000 	2.4595982355808954
180000 	2.4595982355808954
190000 	2.4595982355808954
200000 	2.4595982355808954
300000 	2.4595982355808954
400000 	2.4595982355808954
500000 	2.4595982355808954
600000 	2.4595982355808954
700000 	2.4595982355808954
800000 	2.4595982355808954
900000 	2.4595982355808954
1000000 	2.4595982355808954
1100000 	2.4595982355808954
1200000 	2.4595982355808954
1300000 	2.4595982355808954
1400000 	2.4595982355808954
1500000 	2.4595982355808954
1600000 	2.4595982355808954
1700000 	0
1800000 	0
1900000 	0
2000000 	0
3000000 	0
4000000 	0
5000000 	0
6000000 	0
7000000 	0
8000000 	0
9000000 	0
10000000 	0
