10 	0.15742573244239255
20 	0.15743962578025006
30 	0.1574499424561128
40 	0.15745877425514315
50 	0.1574667645486174
60 	0.15748011884819332
70 	0.1574866406898884
80 	0.15749265783312374
90 	0.15749819804492418
100 	0.15750330680572178
200 	0.1575356023635358
300 	0.15754742993028362
400 	0.15755174493849816
500 	0.15755330775320472
600 	0.1575539024597198
700 	0.15755412477473849
800 	0.15755420131521758
900 	0.1575542293857627
1000 	0.15755423961426254
2000 	0.1575542455632446
3000 	0.15755424575637295
4000 	0.15755424575637295
5000 	0.15755424575637295
6000 	0.15755424575637295
7000 	0.15755424575637295
8000 	0.15755424575637295
9000 	0.15755424575637295
10000 	0.15755424575637295
11000 	0.15755424575637295
12000 	0.15755424575637295
13000 	0.15755424575637295
14000 	0.15755424575637295
15000 	0.15755424575637295
17500 	0.15755424575637295
20000 	0.15755424575637295
22500 	0.15755424575637295
25000 	0.15755424575637295
30000 	0.15755424575637295
35000 	0.15755424575637295
40000 	0.15755424575637295
45000 	0.15755424575637295
50000 	0.15755424575637295
60000 	0.15755424575637295
70000 	0.15755424575637295
80000 	0.15755424575637295
90000 	0.15755424575637295
100000 	0.15755424575637295
110000 	0
120000 	0
130000 	0
140000 	0
150000 	0
160000 	0
170000 	0
180000 	0
190000 	0
200000 	0
300000 	0
400000 	0
500000 	0
600000 	0
700000 	0
800000 	0
900000 	0
1000000 	0
1100000 	0
1200000 	0
1300000 	0
1400000 	0
1500000 	0
1600000 	0
1700000 	0
1800000 	0
1900000 	0
2000000 	0
3000000 	0
4000000 	0
5000000 	0
6000000 	0
