10 	1.3221242819800307
20 	1.3221517300096566
30 	1.3221730827563674
40 	1.3221922698660629
50 	1.322210977505274
60 	1.322240768325397
70 	1.3222554288461
80 	1.3222684608289543
90 	1.322279862048096
100 	1.3222947390515345
200 	1.3223650330733885
300 	1.32238973903428
400 	1.322398947229593
500 	1.3224024593400283
600 	1.3224036769006122
700 	1.3224041206830353
800 	1.322404287242834
900 	1.3224043470785543
1000 	1.3224043688938099
2000 	1.32240438234775
3000 	1.3224043826502718
4000 	1.3224043826502718
5000 	1.3224043826502718
6000 	1.3224043826502718
7000 	1.3224043826502718
8000 	1.3224043826502718
9000 	1.3224043826502718
10000 	1.3224043826502718
11000 	1.3224043826502718
12000 	1.3224043826502718
13000 	1.3224043826502718
14000 	1.3224043826502718
15000 	1.3224043826502718
17500 	1.3224043826502718
20000 	1.3224043826502718
22500 	1.3224043826502718
25000 	1.3224043826502718
30000 	1.3224043826502718
35000 	1.3224043826502718
40000 	1.3224043826502718
45000 	1.3224043826502718
50000 	1.3224043826502718
60000 	1.3224043826502718
70000 	1.3224043826502718
80000 	1.3224043826502718
90000 	1.3224043826502718
100000 	1.3224043826502718
110000 	1.3224043826502718
120000 	1.3224043826502718
130000 	1.3224043826502718
140000 	1.3224043826502718
150000 	1.3224043826502718
160000 	1.3224043826502718
170000 	1.3224043826502718
180000 	1.3224043826502718
190000 	1.3224043826502718
200000 	1.3224043826502718
300000 	1.3224043826502718
400000 	1.3224043826502718
500000 	1.3224043826502718
600000 	1.3224043826502718
700000 	1.3224043826502718
800000 	1.3224043826502718
900000 	1.3224043826502718
1000000 	1.3224043826502718
1100000 	1.3224043826502718
1200000 	1.3224043826502718
1300000 	1.3224043826502718
1400000 	1.3224043826502718
1500000 	1.3224043826502718
1600000 	1.3224043826502718
1700000 	1.3224043826502718
1800000 	1.3224043826502718
1900000 	1.3224043826502718
2000000 	1.3224043826502718
3000000 	1.3224043826502718
4000000 	0
5000000 	0
6000000 	0
7000000 	0
8000000 	0
9000000 	0
10000000 	0
