10 	0.21507898072163684
20 	0.2150933359092477
30 	0.21510347805858582
40 	0.21511214880259424
50 	0.21512014226846002
60 	0.21513322895460218
70 	0.21513976067513507
80 	0.21514566897781726
90 	0.2151509128002546
100 	0.21515602526999067
200 	0.2151879204653925
300 	0.21520048316077894
400 	0.21520478569212503
500 	0.21520633592654356
600 	0.21520690418587207
700 	0.21520711244698848
800 	0.21520718801210412
900 	0.2152072157850865
1000 	0.21520722632267567
2000 	0.21520723241916798
3000 	0.2152072326114758
4000 	0.2152072326114758
5000 	0.2152072326114758
6000 	0.2152072326114758
7000 	0.2152072326114758
8000 	0.2152072326114758
9000 	0.2152072326114758
10000 	0.2152072326114758
11000 	0.2152072326114758
12000 	0.2152072326114758
13000 	0.2152072326114758
14000 	0.2152072326114758
15000 	0.2152072326114758
17500 	0.2152072326114758
20000 	0.2152072326114758
22500 	0.2152072326114758
25000 	0.2152072326114758
30000 	0.2152072326114758
35000 	0.2152072326114758
40000 	0.2152072326114758
45000 	0.2152072326114758
50000 	0.2152072326114758
60000 	0.2152072326114758
70000 	0.2152072326114758
80000 	0.2152072326114758
90000 	0.2152072326114758
100000 	0.2152072326114758
110000 	0
120000 	0
130000 	0
140000 	0
150000 	0
160000 	0
170000 	0
180000 	0
190000 	0
200000 	0
300000 	0
400000 	0
500000 	0
600000 	0
700000 	0
800000 	0
900000 	0
1000000 	0
1100000 	0
1200000 	0
1300000 	0
1400000 	0
1500000 	0
1600000 	0
1700000 	0
1800000 	0
1900000 	0
2000000 	0
3000000 	0
4000000 	0
5000000 	0
6000000 	0
