10 	0.6730441000505959
20 	0.6730741490296175
30 	0.673098479275322
40 	0.673119580145465
50 	0.6731397747154443
60 	0.6731732651590634
70 	0.6731896557102841
80 	0.6732048069258362
90 	0.6732185274985609
100 	0.6732311190482999
200 	0.6733112122868662
300 	0.6733397818805862
400 	0.6733512635812375
500 	0.6733551829240714
600 	0.6733566620342285
700 	0.6733572019256133
800 	0.6733573940379469
900 	0.6733574620994766
1000 	0.6733574870295114
2000 	0.6733575017814043
3000 	0.673357501860925
4000 	0.673357501860925
5000 	0.673357501860925
6000 	0.673357501860925
7000 	0.673357501860925
8000 	0.673357501860925
9000 	0.673357501860925
10000 	0.673357501860925
11000 	0.673357501860925
12000 	0.673357501860925
13000 	0.673357501860925
14000 	0.673357501860925
15000 	0.673357501860925
17500 	0.673357501860925
20000 	0.673357501860925
22500 	0.673357501860925
25000 	0.673357501860925
30000 	0.673357501860925
35000 	0.673357501860925
40000 	0.673357501860925
45000 	0.673357501860925
50000 	0.673357501860925
60000 	0.673357501860925
70000 	0.673357501860925
80000 	0.673357501860925
90000 	0.673357501860925
100000 	0.673357501860925
110000 	0.673357501860925
120000 	0.673357501860925
130000 	0.673357501860925
140000 	0.673357501860925
150000 	0.673357501860925
160000 	0.673357501860925
170000 	0.673357501860925
180000 	0.673357501860925
190000 	0.673357501860925
200000 	0.673357501860925
300000 	0.673357501860925
400000 	0.673357501860925
500000 	0.673357501860925
600000 	0.673357501860925
700000 	0.673357501860925
800000 	0.673357501860925
900000 	0.673357501860925
1000000 	0.673357501860925
1100000 	0.673357501860925
1200000 	0.673357501860925
1300000 	0
1400000 	0
1500000 	0
1600000 	0
1700000 	0
1800000 	0
1900000 	0
2000000 	0
3000000 	0
4000000 	0
5000000 	0
6000000 	0
7000000 	0
8000000 	0
9000000 	0
10000000 	0
