10 	0.36156283556919866
20 	0.3615778177689712
30 	0.3615892530461765
40 	0.36159978634347106
50 	0.36160898621636406
60 	0.36162694779662613
70 	0.36163434462930283
80 	0.36164103636879585
90 	0.36164688924808414
100 	0.361652368987004
200 	0.36168580228598035
300 	0.3616980546321725
400 	0.3617027134535009
500 	0.36170431332791136
600 	0.36170490681460854
700 	0.3617051258588719
800 	0.3617052057640588
900 	0.3617052353493776
1000 	0.3617052460844654
2000 	0.36170525253012387
3000 	0.3617052526808153
4000 	0.3617052526808153
5000 	0.3617052526808153
6000 	0.3617052526808153
7000 	0.3617052526808153
8000 	0.3617052526808153
9000 	0.3617052526808153
10000 	0.3617052526808153
11000 	0.3617052526808153
12000 	0.3617052526808153
13000 	0.3617052526808153
14000 	0.3617052526808153
15000 	0.3617052526808153
17500 	0.3617052526808153
20000 	0.3617052526808153
22500 	0.3617052526808153
25000 	0.3617052526808153
30000 	0.3617052526808153
35000 	0.3617052526808153
40000 	0.3617052526808153
45000 	0.3617052526808153
50000 	0.3617052526808153
60000 	0.3617052526808153
70000 	0.3617052526808153
80000 	0.3617052526808153
90000 	0.3617052526808153
100000 	0.3617052526808153
110000 	0.3617052526808153
120000 	0.3617052526808153
130000 	0.3617052526808153
140000 	0.3617052526808153
150000 	0.3617052526808153
160000 	0.3617052526808153
170000 	0.3617052526808153
180000 	0.3617052526808153
190000 	0.3617052526808153
200000 	0.3617052526808153
300000 	0.3617052526808153
400000 	0.3617052526808153
500000 	0.3617052526808153
600000 	0.3617052526808153
700000 	0.3617052526808153
800000 	0.3617052526808153
900000 	0.3617052526808153
1000000 	0.3617052526808153
1100000 	0.3617052526808153
1200000 	0.3617052526808153
1300000 	0.3617052526808153
1400000 	0.3617052526808153
1500000 	0.3617052526808153
1600000 	0.3617052526808153
1700000 	0.3617052526808153
1800000 	0.3617052526808153
1900000 	0.3617052526808153
2000000 	0.3617052526808153
3000000 	0.3617052526808153
4000000 	0.3617052526808153
5000000 	0
6000000 	0
7000000 	0
8000000 	0
9000000 	0
10000000 	0
