10 	0.13212972246132776
20 	0.13214359984728735
30 	0.13215388862345154
40 	0.13216270676706868
50 	0.13217038302212902
60 	0.1321835972931809
70 	0.13219037853567614
80 	0.1321967189938386
90 	0.13220237097638923
100 	0.13220748536545257
200 	0.13223965651488348
300 	0.13225142679233184
400 	0.1322559064841909
500 	0.13225749032826542
600 	0.1322580539675528
700 	0.1322582623240879
800 	0.13225833810001406
900 	0.13225836612228975
1000 	0.13225837623147688
2000 	0.1322583823763232
3000 	0.13225838275657364
4000 	0.13225838275657364
5000 	0.13225838275657364
6000 	0.13225838275657364
7000 	0.13225838275657364
8000 	0.13225838275657364
9000 	0.13225838275657364
10000 	0.13225838275657364
11000 	0.13225838275657364
12000 	0.13225838275657364
13000 	0.13225838275657364
14000 	0.13225838275657364
15000 	0.13225838275657364
17500 	0.13225838275657364
20000 	0.13225838275657364
22500 	0.13225838275657364
25000 	0.13225838275657364
30000 	0.13225838275657364
35000 	0.13225838275657364
40000 	0.13225838275657364
45000 	0.13225838275657364
50000 	0.13225838275657364
60000 	0.13225838275657364
70000 	0.13225838275657364
80000 	0.13225838275657364
90000 	0.13225838275657364
100000 	0.13225838275657364
110000 	0
120000 	0
130000 	0
140000 	0
150000 	0
160000 	0
170000 	0
180000 	0
190000 	0
200000 	0
300000 	0
400000 	0
500000 	0
600000 	0
700000 	0
800000 	0
900000 	0
1000000 	0
1100000 	0
1200000 	0
1300000 	0
1400000 	0
1500000 	0
1600000 	0
1700000 	0
1800000 	0
1900000 	0
2000000 	0
3000000 	0
4000000 	0
5000000 	0
6000000 	0
