10 	1.3345875656424688
20 	1.3345998558135423
30 	1.3346094524933643
40 	1.3346182844098191
50 	1.3346261261825463
60 	1.3346400669793654
70 	1.3346463480231934
80 	1.334652477545068
90 	1.334657828065142
100 	1.334662661452649
200 	1.3346928281019745
300 	1.3347038727009153
400 	1.334707951959679
500 	1.334709532900842
600 	1.3347100721658494
700 	1.3347102699650464
800 	1.3347103423494246
900 	1.3347103690429611
1000 	1.3347103787275034
2000 	1.3347103844151729
3000 	1.3347103845017136
4000 	1.3347103845017136
5000 	1.3347103845017136
6000 	1.3347103845017136
7000 	1.3347103845017136
8000 	1.3347103845017136
9000 	1.3347103845017136
10000 	1.3347103845017136
11000 	1.3347103845017136
12000 	1.3347103845017136
13000 	1.3347103845017136
14000 	1.3347103845017136
15000 	1.3347103845017136
17500 	1.3347103845017136
20000 	1.3347103845017136
22500 	1.3347103845017136
25000 	1.3347103845017136
30000 	1.3347103845017136
35000 	1.3347103845017136
40000 	1.3347103845017136
45000 	1.3347103845017136
50000 	1.3347103845017136
60000 	1.3347103845017136
70000 	1.3347103845017136
80000 	1.3347103845017136
90000 	1.3347103845017136
100000 	1.3347103845017136
110000 	1.3347103845017136
120000 	1.3347103845017136
130000 	1.3347103845017136
140000 	1.3347103845017136
150000 	1.3347103845017136
160000 	1.3347103845017136
170000 	1.3347103845017136
180000 	1.3347103845017136
190000 	1.3347103845017136
200000 	1.3347103845017136
300000 	1.3347103845017136
400000 	1.3347103845017136
500000 	1.3347103845017136
600000 	1.3347103845017136
700000 	1.3347103845017136
800000 	1.3347103845017136
900000 	1.3347103845017136
1000000 	1.3347103845017136
1100000 	1.3347103845017136
1200000 	1.3347103845017136
1300000 	1.3347103845017136
1400000 	1.3347103845017136
1500000 	1.3347103845017136
1600000 	1.3347103845017136
1700000 	1.3347103845017136
1800000 	1.3347103845017136
1900000 	1.3347103845017136
2000000 	1.3347103845017136
3000000 	1.3347103845017136
4000000 	1.3347103845017136
5000000 	1.3347103845017136
6000000 	1.3347103845017136
7000000 	1.3347103845017136
8000000 	1.3347103845017136
9000000 	1.3347103845017136
10000000 	0
