10 	0.16672278949060743
20 	0.16673592938006623
30 	0.1667472334541243
40 	0.16675606866016152
50 	0.1667640470306686
60 	0.16677837878557072
70 	0.16678491401430065
80 	0.1667913869279295
90 	0.16679692917832092
100 	0.16680222433638356
200 	0.16683509337542057
300 	0.16684683746118126
400 	0.16685116151071328
500 	0.16685286689883264
600 	0.16685346251387304
700 	0.16685367175576962
800 	0.16685374843382703
900 	0.16685377645092483
1000 	0.16685378670453976
2000 	0.16685379282980728
3000 	0.1668537932166166
4000 	0.1668537932166166
5000 	0.1668537932166166
6000 	0.1668537932166166
7000 	0.1668537932166166
8000 	0.1668537932166166
9000 	0.1668537932166166
10000 	0.1668537932166166
11000 	0.1668537932166166
12000 	0.1668537932166166
13000 	0.1668537932166166
14000 	0.1668537932166166
15000 	0.1668537932166166
17500 	0.1668537932166166
20000 	0.1668537932166166
22500 	0.1668537932166166
25000 	0.1668537932166166
30000 	0.1668537932166166
35000 	0.1668537932166166
40000 	0.1668537932166166
45000 	0.1668537932166166
50000 	0.1668537932166166
60000 	0.1668537932166166
70000 	0.1668537932166166
80000 	0.1668537932166166
90000 	0.1668537932166166
100000 	0.1668537932166166
110000 	0
120000 	0
130000 	0
140000 	0
150000 	0
160000 	0
170000 	0
180000 	0
190000 	0
200000 	0
300000 	0
400000 	0
500000 	0
600000 	0
700000 	0
800000 	0
900000 	0
1000000 	0
1100000 	0
1200000 	0
1300000 	0
1400000 	0
1500000 	0
1600000 	0
1700000 	0
1800000 	0
1900000 	0
2000000 	0
3000000 	0
4000000 	0
5000000 	0
6000000 	0
