10 	0.43537295176070573
20 	0.4353862717201435
30 	0.4353965958702741
40 	0.43540575650693736
50 	0.43541389702427347
60 	0.4354288125018675
70 	0.43543534295461517
80 	0.4354457518990745
90 	0.4354509957215118
100 	0.43545611742583484
200 	0.43548971260388575
300 	0.4355020442704761
400 	0.43550650883004716
500 	0.4355081329702603
600 	0.4355087283899851
700 	0.4355089445476687
800 	0.43550902547003767
900 	0.43550905590764827
1000 	0.43550906662435346
2000 	0.4355090727347261
3000 	0.4355090729051817
4000 	0.4355090729051817
5000 	0.4355090729051817
6000 	0.4355090729051817
7000 	0.4355090729051817
8000 	0.4355090729051817
9000 	0.4355090729051817
10000 	0.4355090729051817
11000 	0.4355090729051817
12000 	0.4355090729051817
13000 	0.4355090729051817
14000 	0.4355090729051817
15000 	0.4355090729051817
17500 	0.4355090729051817
20000 	0.4355090729051817
22500 	0.4355090729051817
25000 	0.4355090729051817
30000 	0.4355090729051817
35000 	0.4355090729051817
40000 	0.4355090729051817
45000 	0.4355090729051817
50000 	0.4355090729051817
60000 	0.4355090729051817
70000 	0.4355090729051817
80000 	0.4355090729051817
90000 	0.4355090729051817
100000 	0.4355090729051817
110000 	0.4355090729051817
120000 	0.4355090729051817
130000 	0.4355090729051817
140000 	0.4355090729051817
150000 	0.4355090729051817
160000 	0.4355090729051817
170000 	0.4355090729051817
180000 	0.4355090729051817
190000 	0.4355090729051817
200000 	0.4355090729051817
300000 	0.4355090729051817
400000 	0.4355090729051817
500000 	0.4355090729051817
600000 	0.4355090729051817
700000 	0.4355090729051817
800000 	0.4355090729051817
900000 	0.4355090729051817
1000000 	0.4355090729051817
1100000 	0.4355090729051817
1200000 	0.4355090729051817
1300000 	0.4355090729051817
1400000 	0.4355090729051817
1500000 	0.4355090729051817
1600000 	0.4355090729051817
1700000 	0.4355090729051817
1800000 	0.4355090729051817
1900000 	0.4355090729051817
2000000 	0.4355090729051817
3000000 	0.4355090729051817
4000000 	0.4355090729051817
5000000 	0
6000000 	0
7000000 	0
8000000 	0
9000000 	0
10000000 	0
