10 	0.24697386441086885
20 	0.2470035341808799
30 	0.2470276588124856
40 	0.24704863593679005
50 	0.24706761186968088
60 	0.247116157019319
70 	0.2471320562599214
80 	0.24714632074072215
90 	0.24715901809764698
100 	0.24717079248563703
200 	0.24724476652672409
300 	0.24727418302113513
400 	0.24727864578452013
500 	0.2472811795195554
600 	0.24728228769570998
700 	0.24728268316841234
800 	0.2472827663010157
900 	0.2472827957813067
1000 	0.24728281994981505
2000 	0.24728283261882292
3000 	0.24728283290864628
4000 	0.24728283290864628
5000 	0.24728283290864628
6000 	0.24728283290864628
7000 	0.24728283290864628
8000 	0.24728283290864628
9000 	0.24728283290864628
10000 	0.24728283290864628
11000 	0.24728283290864628
12000 	0.24728283290864628
13000 	0.24728283290864628
14000 	0.24728283290864628
15000 	0.24728283290864628
17500 	0.24728283290864628
20000 	0.24728283290864628
22500 	0.24728283290864628
25000 	0.24728283290864628
30000 	0.24728283290864628
35000 	0.24728283290864628
40000 	0.24728283290864628
45000 	0.24728283290864628
50000 	0.24728283290864628
60000 	0.24728283290864628
70000 	0.24728283290864628
80000 	0.24728283290864628
90000 	0.24728283290864628
100000 	0.24728283290864628
110000 	0.24728283290864628
120000 	0.24728283290864628
130000 	0.24728283290864628
140000 	0.24728283290864628
150000 	0.24728283290864628
160000 	0.24728283290864628
170000 	0.24728283290864628
180000 	0.24728283290864628
190000 	0.24728283290864628
200000 	0.24728283290864628
300000 	0.24728283290864628
400000 	0.24728283290864628
500000 	0
600000 	0
700000 	0
800000 	0
900000 	0
1000000 	0
1100000 	0
1200000 	0
1300000 	0
1400000 	0
1500000 	0
1600000 	0
1700000 	0
1800000 	0
1900000 	0
2000000 	0
3000000 	0
4000000 	0
5000000 	0
6000000 	0
7000000 	0
8000000 	0
9000000 	0
10000000 	0
