10 	0.3741409597250286
20 	0.3741530673855218
30 	0.37416283489471214
40 	0.3741713192341416
50 	0.3741790062161068
60 	0.37419351695989317
70 	0.37419967250463765
80 	0.37420558653254604
90 	0.3742107288254021
100 	0.3742155677398487
200 	0.37424578216064996
300 	0.3742569226092958
400 	0.3742609688128153
500 	0.37426244226078875
600 	0.37426298095324584
700 	0.37426318201887704
800 	0.3742632596861358
900 	0.3742632860631379
1000 	0.3742632956959184
2000 	0.3742633013276655
3000 	0.3742633013980858
4000 	0.3742633013980858
5000 	0.3742633013980858
6000 	0.3742633013980858
7000 	0.3742633013980858
8000 	0.3742633013980858
9000 	0.3742633013980858
10000 	0.3742633013980858
11000 	0.3742633013980858
12000 	0.3742633013980858
13000 	0.3742633013980858
14000 	0.3742633013980858
15000 	0.3742633013980858
17500 	0.3742633013980858
20000 	0.3742633013980858
22500 	0.3742633013980858
25000 	0.3742633013980858
30000 	0.3742633013980858
35000 	0.3742633013980858
40000 	0.3742633013980858
45000 	0.3742633013980858
50000 	0.3742633013980858
60000 	0.3742633013980858
70000 	0.3742633013980858
80000 	0.3742633013980858
90000 	0.3742633013980858
100000 	0.3742633013980858
110000 	0.3742633013980858
120000 	0.3742633013980858
130000 	0.3742633013980858
140000 	0.3742633013980858
150000 	0.3742633013980858
160000 	0.3742633013980858
170000 	0.3742633013980858
180000 	0.3742633013980858
190000 	0.3742633013980858
200000 	0.3742633013980858
300000 	0
400000 	0
500000 	0
600000 	0
700000 	0
800000 	0
900000 	0
1000000 	0
1100000 	0
1200000 	0
1300000 	0
1400000 	0
1500000 	0
1600000 	0
1700000 	0
1800000 	0
1900000 	0
2000000 	0
3000000 	0
4000000 	0
5000000 	0
6000000 	0
7000000 	0
8000000 	0
9000000 	0
10000000 	0
