10 	1.350006943811692
20 	1.3500190039648712
30 	1.3500284075543671
40 	1.3500370734343408
50 	1.3500447602952435
60 	1.3500587080924649
70 	1.3500651169556392
80 	1.3500708018075533
90 	1.3500761462273052
100 	1.3500809815064145
200 	1.3501127976469949
300 	1.3501239400456364
400 	1.3501279933334693
500 	1.350129476517151
600 	1.3501300169963721
700 	1.3501302165234728
800 	1.3501302889171407
900 	1.350130315780187
1000 	1.3501303261467517
2000 	1.3501303318819624
3000 	1.3501303319644908
4000 	1.3501303319644908
5000 	1.3501303319644908
6000 	1.3501303319644908
7000 	1.3501303319644908
8000 	1.3501303319644908
9000 	1.3501303319644908
10000 	1.3501303319644908
11000 	1.3501303319644908
12000 	1.3501303319644908
13000 	1.3501303319644908
14000 	1.3501303319644908
15000 	1.3501303319644908
17500 	1.3501303319644908
20000 	1.3501303319644908
22500 	1.3501303319644908
25000 	1.3501303319644908
30000 	1.3501303319644908
35000 	1.3501303319644908
40000 	1.3501303319644908
45000 	1.3501303319644908
50000 	1.3501303319644908
60000 	1.3501303319644908
70000 	1.3501303319644908
80000 	1.3501303319644908
90000 	1.3501303319644908
100000 	1.3501303319644908
110000 	1.3501303319644908
120000 	1.3501303319644908
130000 	1.3501303319644908
140000 	1.3501303319644908
150000 	1.3501303319644908
160000 	1.3501303319644908
170000 	1.3501303319644908
180000 	1.3501303319644908
190000 	1.3501303319644908
200000 	1.3501303319644908
300000 	1.3501303319644908
400000 	1.3501303319644908
500000 	1.3501303319644908
600000 	1.3501303319644908
700000 	1.3501303319644908
800000 	1.3501303319644908
900000 	1.3501303319644908
1000000 	1.3501303319644908
1100000 	1.3501303319644908
1200000 	1.3501303319644908
1300000 	1.3501303319644908
1400000 	1.3501303319644908
1500000 	1.3501303319644908
1600000 	1.3501303319644908
1700000 	1.3501303319644908
1800000 	1.3501303319644908
1900000 	1.3501303319644908
2000000 	1.3501303319644908
3000000 	1.3501303319644908
4000000 	1.3501303319644908
5000000 	1.3501303319644908
6000000 	1.3501303319644908
7000000 	1.3501303319644908
8000000 	1.3501303319644908
9000000 	0
10000000 	0
