10 	0.4368330564617916
20 	0.43686097374639277
30 	0.43687166714094844
40 	0.4368811584943525
50 	0.4368898985057542
60 	0.43690589109516903
70 	0.43691316984784584
80 	0.43691974581016496
90 	0.43692578959063766
100 	0.43693098547266124
200 	0.43696491464473003
300 	0.43697707187834506
400 	0.43698150238999284
500 	0.43698312753782165
600 	0.4369837114416003
700 	0.4369839326999874
800 	0.43698401155656463
900 	0.4369840406344395
1000 	0.4369840512677638
2000 	0.4369840573546495
3000 	0.43698405740156365
4000 	0.43698405740156365
5000 	0.43698405740156365
6000 	0.43698405740156365
7000 	0.43698405740156365
8000 	0.43698405740156365
9000 	0.43698405740156365
10000 	0.43698405740156365
11000 	0.43698405740156365
12000 	0.43698405740156365
13000 	0.43698405740156365
14000 	0.43698405740156365
15000 	0.43698405740156365
17500 	0.43698405740156365
20000 	0.43698405740156365
22500 	0.43698405740156365
25000 	0.43698405740156365
30000 	0.43698405740156365
35000 	0.43698405740156365
40000 	0.43698405740156365
45000 	0.43698405740156365
50000 	0.43698405740156365
60000 	0.43698405740156365
70000 	0.43698405740156365
80000 	0.43698405740156365
90000 	0.43698405740156365
100000 	0.43698405740156365
110000 	0.43698405740156365
120000 	0.43698405740156365
130000 	0.43698405740156365
140000 	0.43698405740156365
150000 	0.43698405740156365
160000 	0.43698405740156365
170000 	0.43698405740156365
180000 	0.43698405740156365
190000 	0.43698405740156365
200000 	0.43698405740156365
300000 	0.43698405740156365
400000 	0.43698405740156365
500000 	0.43698405740156365
600000 	0.43698405740156365
700000 	0.43698405740156365
800000 	0.43698405740156365
900000 	0.43698405740156365
1000000 	0.43698405740156365
1100000 	0.43698405740156365
1200000 	0.43698405740156365
1300000 	0
1400000 	0
1500000 	0
1600000 	0
1700000 	0
1800000 	0
1900000 	0
2000000 	0
3000000 	0
4000000 	0
5000000 	0
6000000 	0
7000000 	0
8000000 	0
9000000 	0
10000000 	0
