10 	0.594941455268388
20 	0.5949539548844572
30 	0.5949639134073077
40 	0.5949729097012337
50 	0.5949807390765737
60 	0.5949953760328216
70 	0.59500177726371
80 	0.5950077876851327
90 	0.5950130294273561
100 	0.5950179619807712
200 	0.5950488064260655
300 	0.5950604664700122
400 	0.5950646304413002
500 	0.5950661341902161
600 	0.5950667023163158
700 	0.5950669034895423
800 	0.5950669769909602
900 	0.5950670036840876
1000 	0.5950670134362102
2000 	0.5950670191715339
3000 	0.5950670192477262
4000 	0.5950670192477262
5000 	0.5950670192477262
6000 	0.5950670192477262
7000 	0.5950670192477262
8000 	0.5950670192477262
9000 	0.5950670192477262
10000 	0.5950670192477262
11000 	0.5950670192477262
12000 	0.5950670192477262
13000 	0.5950670192477262
14000 	0.5950670192477262
15000 	0.5950670192477262
17500 	0.5950670192477262
20000 	0.5950670192477262
22500 	0.5950670192477262
25000 	0.5950670192477262
30000 	0.5950670192477262
35000 	0.5950670192477262
40000 	0.5950670192477262
45000 	0.5950670192477262
50000 	0.5950670192477262
60000 	0.5950670192477262
70000 	0.5950670192477262
80000 	0.5950670192477262
90000 	0.5950670192477262
100000 	0.5950670192477262
110000 	0.5950670192477262
120000 	0.5950670192477262
130000 	0.5950670192477262
140000 	0.5950670192477262
150000 	0.5950670192477262
160000 	0.5950670192477262
170000 	0.5950670192477262
180000 	0.5950670192477262
190000 	0.5950670192477262
200000 	0.5950670192477262
300000 	0.5950670192477262
400000 	0.5950670192477262
500000 	0.5950670192477262
600000 	0.5950670192477262
700000 	0.5950670192477262
800000 	0.5950670192477262
900000 	0.5950670192477262
1000000 	0.5950670192477262
1100000 	0.5950670192477262
1200000 	0.5950670192477262
1300000 	0.5950670192477262
1400000 	0.5950670192477262
1500000 	0.5950670192477262
1600000 	0.5950670192477262
1700000 	0.5950670192477262
1800000 	0.5950670192477262
1900000 	0.5950670192477262
2000000 	0.5950670192477262
3000000 	0.5950670192477262
4000000 	0
5000000 	0
6000000 	0
7000000 	0
8000000 	0
9000000 	0
10000000 	0
