10 	1.4939380179349944
20 	1.4939511304763622
30 	1.4939631317049038
40 	1.4939727907404359
50 	1.4939813819543457
60 	1.4939964276382593
70 	1.4940035798136948
80 	1.4940113125404355
90 	1.4940169582804865
100 	1.4940225224242643
200 	1.494058129613516
300 	1.4940702727049047
400 	1.4940747497851194
500 	1.4940763361788798
600 	1.4940769197708088
700 	1.4940771378646545
800 	1.4940772164949312
900 	1.4940772486974803
1000 	1.494077259191839
2000 	1.4940772653008936
3000 	1.494077265546011
4000 	1.494077265546011
5000 	1.494077265546011
6000 	1.494077265546011
7000 	1.494077265546011
8000 	1.494077265546011
9000 	1.494077265546011
10000 	1.494077265546011
11000 	1.494077265546011
12000 	1.494077265546011
13000 	1.494077265546011
14000 	1.494077265546011
15000 	1.494077265546011
17500 	1.494077265546011
20000 	1.494077265546011
22500 	1.494077265546011
25000 	1.494077265546011
30000 	1.494077265546011
35000 	1.494077265546011
40000 	1.494077265546011
45000 	1.494077265546011
50000 	1.494077265546011
60000 	1.494077265546011
70000 	1.494077265546011
80000 	1.494077265546011
90000 	1.494077265546011
100000 	1.494077265546011
110000 	1.494077265546011
120000 	1.494077265546011
130000 	1.494077265546011
140000 	1.494077265546011
150000 	1.494077265546011
160000 	1.494077265546011
170000 	1.494077265546011
180000 	1.494077265546011
190000 	1.494077265546011
200000 	1.494077265546011
300000 	1.494077265546011
400000 	1.494077265546011
500000 	1.494077265546011
600000 	1.494077265546011
700000 	1.494077265546011
800000 	1.494077265546011
900000 	1.494077265546011
1000000 	1.494077265546011
1100000 	1.494077265546011
1200000 	1.494077265546011
1300000 	1.494077265546011
1400000 	1.494077265546011
1500000 	1.494077265546011
1600000 	1.494077265546011
1700000 	1.494077265546011
1800000 	1.494077265546011
1900000 	1.494077265546011
2000000 	1.494077265546011
3000000 	1.494077265546011
4000000 	1.494077265546011
5000000 	0
6000000 	0
7000000 	0
8000000 	0
9000000 	0
10000000 	0
