10 	2.8989591985120273
20 	2.8989752604282115
30 	2.8989874419171455
40 	2.898997465004512
50 	2.899006209491497
60 	2.8990213912128575
70 	2.8990285409318037
80 	2.8990350025990157
90 	2.8990408483742702
100 	2.8990462289473773
200 	2.899079204829981
300 	2.8990911215874466
400 	2.899095494229984
500 	2.899097238740206
600 	2.899097814714806
700 	2.89909802377257
800 	2.8990981027498965
900 	2.8990981306831096
1000 	2.8990981408737384
2000 	2.8990981468637074
3000 	2.8990981469417285
4000 	2.8990981469417285
5000 	2.8990981469417285
6000 	2.8990981469417285
7000 	2.8990981469417285
8000 	2.8990981469417285
9000 	2.8990981469417285
10000 	2.8990981469417285
11000 	2.8990981469417285
12000 	2.8990981469417285
13000 	2.8990981469417285
14000 	2.8990981469417285
15000 	2.8990981469417285
17500 	2.8990981469417285
20000 	2.8990981469417285
22500 	2.8990981469417285
25000 	2.8990981469417285
30000 	2.8990981469417285
35000 	2.8990981469417285
40000 	2.8990981469417285
45000 	2.8990981469417285
50000 	2.8990981469417285
60000 	2.8990981469417285
70000 	2.8990981469417285
80000 	2.8990981469417285
90000 	2.8990981469417285
100000 	2.8990981469417285
110000 	2.8990981469417285
120000 	2.8990981469417285
130000 	2.8990981469417285
140000 	2.8990981469417285
150000 	2.8990981469417285
160000 	2.8990981469417285
170000 	2.8990981469417285
180000 	2.8990981469417285
190000 	2.8990981469417285
200000 	2.8990981469417285
300000 	2.8990981469417285
400000 	2.8990981469417285
500000 	2.8990981469417285
600000 	2.8990981469417285
700000 	2.8990981469417285
800000 	2.8990981469417285
900000 	2.8990981469417285
1000000 	2.8990981469417285
1100000 	2.8990981469417285
1200000 	2.8990981469417285
1300000 	2.8990981469417285
1400000 	2.8990981469417285
1500000 	2.8990981469417285
1600000 	2.8990981469417285
1700000 	0
1800000 	0
1900000 	0
2000000 	0
3000000 	0
4000000 	0
5000000 	0
6000000 	0
7000000 	0
8000000 	0
9000000 	0
10000000 	0
