10 	0.16442603108019235
20 	0.16443832958020924
30 	0.16444791700228464
40 	0.16445658449332196
50 	0.164464268212008
60 	0.1644785001436974
70 	0.1644849089444539
80 	0.16449070044819328
90 	0.1644958407418147
100 	0.16450077054056886
200 	0.1645311824257861
300 	0.1645423820042094
400 	0.16454680492238644
500 	0.16454830534688772
600 	0.16454885192607863
700 	0.1645490524110979
800 	0.16454912530384563
900 	0.1645491523032017
1000 	0.1645491620811147
2000 	0.16454916785916066
3000 	0.16454916791530247
4000 	0.16454916791530247
5000 	0.16454916791530247
6000 	0.16454916791530247
7000 	0.16454916791530247
8000 	0.16454916791530247
9000 	0.16454916791530247
10000 	0.16454916791530247
11000 	0.16454916791530247
12000 	0.16454916791530247
13000 	0.16454916791530247
14000 	0.16454916791530247
15000 	0.16454916791530247
17500 	0.16454916791530247
20000 	0.16454916791530247
22500 	0.16454916791530247
25000 	0.16454916791530247
30000 	0.16454916791530247
35000 	0.16454916791530247
40000 	0.16454916791530247
45000 	0.16454916791530247
50000 	0.16454916791530247
60000 	0.16454916791530247
70000 	0.16454916791530247
80000 	0.16454916791530247
90000 	0.16454916791530247
100000 	0.16454916791530247
110000 	0.16454916791530247
120000 	0.16454916791530247
130000 	0.16454916791530247
140000 	0.16454916791530247
150000 	0.16454916791530247
160000 	0.16454916791530247
170000 	0.16454916791530247
180000 	0.16454916791530247
190000 	0.16454916791530247
200000 	0.16454916791530247
300000 	0.16454916791530247
400000 	0.16454916791530247
500000 	0.16454916791530247
600000 	0
700000 	0
800000 	0
900000 	0
1000000 	0
1100000 	0
1200000 	0
1300000 	0
1400000 	0
1500000 	0
1600000 	0
1700000 	0
1800000 	0
1900000 	0
2000000 	0
3000000 	0
4000000 	0
5000000 	0
6000000 	0
7000000 	0
8000000 	0
9000000 	0
10000000 	0
