10 	0.18397112576486988
20 	0.18398459823864582
30 	0.18399454373917637
40 	0.1840031908797308
50 	0.18401133916687523
60 	0.1840244025527606
70 	0.18403093278028854
80 	0.18403672884126468
90 	0.1840420762143585
100 	0.18404728884155427
200 	0.1840796153257003
300 	0.1840916407640326
400 	0.18409597854456033
500 	0.18409754617700808
600 	0.18409817263222225
700 	0.18409838435474998
800 	0.18409846048614065
900 	0.18409848846549032
1000 	0.1840984986866095
2000 	0.18409850468869332
3000 	0.18409850488349755
4000 	0.18409850488349755
5000 	0.18409850488349755
6000 	0.18409850488349755
7000 	0.18409850488349755
8000 	0.18409850488349755
9000 	0.18409850488349755
10000 	0.18409850488349755
11000 	0.18409850488349755
12000 	0.18409850488349755
13000 	0.18409850488349755
14000 	0.18409850488349755
15000 	0.18409850488349755
17500 	0.18409850488349755
20000 	0.18409850488349755
22500 	0.18409850488349755
25000 	0.18409850488349755
30000 	0.18409850488349755
35000 	0.18409850488349755
40000 	0.18409850488349755
45000 	0.18409850488349755
50000 	0.18409850488349755
60000 	0.18409850488349755
70000 	0.18409850488349755
80000 	0.18409850488349755
90000 	0.18409850488349755
100000 	0.18409850488349755
110000 	0
120000 	0
130000 	0
140000 	0
150000 	0
160000 	0
170000 	0
180000 	0
190000 	0
200000 	0
300000 	0
400000 	0
500000 	0
600000 	0
700000 	0
800000 	0
900000 	0
1000000 	0
1100000 	0
1200000 	0
1300000 	0
1400000 	0
1500000 	0
1600000 	0
1700000 	0
1800000 	0
1900000 	0
2000000 	0
3000000 	0
4000000 	0
5000000 	0
6000000 	0
