10 	0.602618028915378
20 	0.6026473109524958
30 	0.6026707063698616
40 	0.6026915359273304
50 	0.6027284231900468
60 	0.6027625850660265
70 	0.602778108007639
80 	0.602791920039977
90 	0.602804415475027
100 	0.60281573086455
200 	0.6028889434372825
300 	0.6029158754268868
400 	0.602926450124761
500 	0.6029300512276317
600 	0.6029313706886988
700 	0.6029318670467069
800 	0.6029320507598762
900 	0.6029321155996722
1000 	0.6029321398443442
2000 	0.6029321537102409
3000 	0.6029321537514486
4000 	0.6029321537514486
5000 	0.6029321537514486
6000 	0.6029321537514486
7000 	0.6029321537514486
8000 	0.6029321537514486
9000 	0.6029321537514486
10000 	0.6029321537514486
11000 	0.6029321537514486
12000 	0.6029321537514486
13000 	0.6029321537514486
14000 	0.6029321537514486
15000 	0.6029321537514486
17500 	0.6029321537514486
20000 	0.6029321537514486
22500 	0.6029321537514486
25000 	0.6029321537514486
30000 	0.6029321537514486
35000 	0.6029321537514486
40000 	0.6029321537514486
45000 	0.6029321537514486
50000 	0.6029321537514486
60000 	0.6029321537514486
70000 	0.6029321537514486
80000 	0.6029321537514486
90000 	0.6029321537514486
100000 	0.6029321537514486
110000 	0.6029321537514486
120000 	0.6029321537514486
130000 	0.6029321537514486
140000 	0.6029321537514486
150000 	0.6029321537514486
160000 	0.6029321537514486
170000 	0.6029321537514486
180000 	0.6029321537514486
190000 	0.6029321537514486
200000 	0.6029321537514486
300000 	0.6029321537514486
400000 	0.6029321537514486
500000 	0.6029321537514486
600000 	0.6029321537514486
700000 	0.6029321537514486
800000 	0.6029321537514486
900000 	0.6029321537514486
1000000 	0.6029321537514486
1100000 	0
1200000 	0
1300000 	0
1400000 	0
1500000 	0
1600000 	0
1700000 	0
1800000 	0
1900000 	0
2000000 	0
3000000 	0
4000000 	0
5000000 	0
6000000 	0
7000000 	0
8000000 	0
9000000 	0
10000000 	0
