10 	0.9566871885913836
20 	0.9567007617074033
30 	0.9567114850258576
40 	0.9567201472985559
50 	0.9567278265574561
60 	0.9567420391961913
70 	0.9567484516450199
80 	0.9567541377421102
90 	0.956759383563782
100 	0.9567642288937152
200 	0.9567949512166193
300 	0.9568060395555316
400 	0.9568103675465004
500 	0.9568119459764056
600 	0.956812492744567
700 	0.9568126943342539
800 	0.9568127672836886
900 	0.9568127937783635
1000 	0.9568128035306356
2000 	0.9568128092577136
3000 	0.9568128095239786
4000 	0.9568128095239786
5000 	0.9568128095239786
6000 	0.9568128095239786
7000 	0.9568128095239786
8000 	0.9568128095239786
9000 	0.9568128095239786
10000 	0.9568128095239786
11000 	0.9568128095239786
12000 	0.9568128095239786
13000 	0.9568128095239786
14000 	0.9568128095239786
15000 	0.9568128095239786
17500 	0.9568128095239786
20000 	0.9568128095239786
22500 	0.9568128095239786
25000 	0.9568128095239786
30000 	0.9568128095239786
35000 	0.9568128095239786
40000 	0.9568128095239786
45000 	0.9568128095239786
50000 	0.9568128095239786
60000 	0.9568128095239786
70000 	0.9568128095239786
80000 	0.9568128095239786
90000 	0.9568128095239786
100000 	0.9568128095239786
110000 	0.9568128095239786
120000 	0.9568128095239786
130000 	0.9568128095239786
140000 	0.9568128095239786
150000 	0.9568128095239786
160000 	0.9568128095239786
170000 	0.9568128095239786
180000 	0.9568128095239786
190000 	0.9568128095239786
200000 	0.9568128095239786
300000 	0
400000 	0
500000 	0
600000 	0
700000 	0
800000 	0
900000 	0
1000000 	0
1100000 	0
1200000 	0
1300000 	0
1400000 	0
1500000 	0
1600000 	0
1700000 	0
1800000 	0
1900000 	0
2000000 	0
3000000 	0
4000000 	0
5000000 	0
6000000 	0
7000000 	0
8000000 	0
9000000 	0
10000000 	0
