10 	0.16746734109756778
20 	0.16748163664805016
30 	0.1674919402438851
40 	0.1675007618605581
50 	0.1675092258236397
60 	0.16752257043543964
70 	0.16752897293210547
80 	0.16753510800827293
90 	0.16754075179029573
100 	0.16754567517393223
200 	0.1675779732522481
300 	0.1675897888703532
400 	0.1675940930793676
500 	0.16759583484880838
600 	0.16759641021979627
700 	0.16759662017763916
800 	0.1675966967475185
900 	0.1675967249201784
1000 	0.1675967350726931
2000 	0.1675967410865914
3000 	0.16759674127977173
4000 	0.16759674127977173
5000 	0.16759674127977173
6000 	0.16759674127977173
7000 	0.16759674127977173
8000 	0.16759674127977173
9000 	0.16759674127977173
10000 	0.16759674127977173
11000 	0.16759674127977173
12000 	0.16759674127977173
13000 	0.16759674127977173
14000 	0.16759674127977173
15000 	0.16759674127977173
17500 	0.16759674127977173
20000 	0.16759674127977173
22500 	0.16759674127977173
25000 	0.16759674127977173
30000 	0.16759674127977173
35000 	0.16759674127977173
40000 	0.16759674127977173
45000 	0.16759674127977173
50000 	0.16759674127977173
60000 	0.16759674127977173
70000 	0.16759674127977173
80000 	0.16759674127977173
90000 	0.16759674127977173
100000 	0.16759674127977173
110000 	0
120000 	0
130000 	0
140000 	0
150000 	0
160000 	0
170000 	0
180000 	0
190000 	0
200000 	0
300000 	0
400000 	0
500000 	0
600000 	0
700000 	0
800000 	0
900000 	0
1000000 	0
1100000 	0
1200000 	0
1300000 	0
1400000 	0
1500000 	0
1600000 	0
1700000 	0
1800000 	0
1900000 	0
2000000 	0
3000000 	0
4000000 	0
5000000 	0
6000000 	0
