10 	0.20041775679026808
20 	0.20043189009873516
30 	0.2004418540915
40 	0.20045068928076573
50 	0.20045882243898247
60 	0.20047176780494003
70 	0.2004783019800822
80 	0.20048410242860612
90 	0.20048954825616583
100 	0.20049456888500017
200 	0.2005293511326264
300 	0.20054122205735947
400 	0.2005455301191184
500 	0.20054707946178196
600 	0.20054764672387995
700 	0.20054785398905609
800 	0.2005479295494413
900 	0.2005479588064788
1000 	0.20054796985138068
2000 	0.2005479757542303
3000 	0.20054797594652551
4000 	0.20054797594652551
5000 	0.20054797594652551
6000 	0.20054797594652551
7000 	0.20054797594652551
8000 	0.20054797594652551
9000 	0.20054797594652551
10000 	0.20054797594652551
11000 	0.20054797594652551
12000 	0.20054797594652551
13000 	0.20054797594652551
14000 	0.20054797594652551
15000 	0.20054797594652551
17500 	0.20054797594652551
20000 	0.20054797594652551
22500 	0.20054797594652551
25000 	0.20054797594652551
30000 	0.20054797594652551
35000 	0.20054797594652551
40000 	0.20054797594652551
45000 	0.20054797594652551
50000 	0.20054797594652551
60000 	0.20054797594652551
70000 	0.20054797594652551
80000 	0.20054797594652551
90000 	0.20054797594652551
100000 	0.20054797594652551
110000 	0
120000 	0
130000 	0
140000 	0
150000 	0
160000 	0
170000 	0
180000 	0
190000 	0
200000 	0
300000 	0
400000 	0
500000 	0
600000 	0
700000 	0
800000 	0
900000 	0
1000000 	0
1100000 	0
1200000 	0
1300000 	0
1400000 	0
1500000 	0
1600000 	0
1700000 	0
1800000 	0
1900000 	0
2000000 	0
3000000 	0
4000000 	0
5000000 	0
6000000 	0
