10 	1.681738666841281
20 	1.6817505281974168
30 	1.68176029757981
40 	1.6817691361399592
50 	1.6817771311232312
60 	1.6817912133926733
70 	1.6817977463645726
80 	1.6818034312725905
90 	1.6818086721013077
100 	1.681813320890719
200 	1.6818438743805257
300 	1.681855111558993
400 	1.6818598537073872
500 	1.6818613477938957
600 	1.6818619247166484
700 	1.6818621244281804
800 	1.6818621967092087
900 	1.6818622234016742
1000 	1.6818622330768866
2000 	1.6818622389516964
3000 	1.681862239084727
4000 	1.681862239084727
5000 	1.681862239084727
6000 	1.681862239084727
7000 	1.681862239084727
8000 	1.681862239084727
9000 	1.681862239084727
10000 	1.681862239084727
11000 	1.681862239084727
12000 	1.681862239084727
13000 	1.681862239084727
14000 	1.681862239084727
15000 	1.681862239084727
17500 	1.681862239084727
20000 	1.681862239084727
22500 	1.681862239084727
25000 	1.681862239084727
30000 	1.681862239084727
35000 	1.681862239084727
40000 	1.681862239084727
45000 	1.681862239084727
50000 	1.681862239084727
60000 	1.681862239084727
70000 	1.681862239084727
80000 	1.681862239084727
90000 	1.681862239084727
100000 	1.681862239084727
110000 	1.681862239084727
120000 	1.681862239084727
130000 	1.681862239084727
140000 	1.681862239084727
150000 	1.681862239084727
160000 	1.681862239084727
170000 	1.681862239084727
180000 	1.681862239084727
190000 	1.681862239084727
200000 	1.681862239084727
300000 	1.681862239084727
400000 	1.681862239084727
500000 	1.681862239084727
600000 	1.681862239084727
700000 	1.681862239084727
800000 	1.681862239084727
900000 	1.681862239084727
1000000 	1.681862239084727
1100000 	1.681862239084727
1200000 	1.681862239084727
1300000 	1.681862239084727
1400000 	1.681862239084727
1500000 	1.681862239084727
1600000 	1.681862239084727
1700000 	1.681862239084727
1800000 	1.681862239084727
1900000 	1.681862239084727
2000000 	1.681862239084727
3000000 	1.681862239084727
4000000 	1.681862239084727
5000000 	1.681862239084727
6000000 	1.681862239084727
7000000 	1.681862239084727
8000000 	1.681862239084727
9000000 	1.681862239084727
10000000 	0
