10 	0.25031210877658067
20 	0.25032440303113684
30 	0.2503341761061633
40 	0.2503434894785289
50 	0.2503514780861996
60 	0.25036684130601466
70 	0.25037337055602304
80 	0.2503790531745482
90 	0.25038439753208136
100 	0.2503891427425667
200 	0.25041945433925633
300 	0.2504305370184876
400 	0.25043467295151517
500 	0.25043616970840343
600 	0.25043675117991326
700 	0.2504369541639716
800 	0.2504370273097253
900 	0.2504370540857413
1000 	0.25043706384880127
2000 	0.2504370697251532
3000 	0.2504370697493547
4000 	0.2504370697493547
5000 	0.2504370697493547
6000 	0.2504370697493547
7000 	0.2504370697493547
8000 	0.2504370697493547
9000 	0.2504370697493547
10000 	0.2504370697493547
11000 	0.2504370697493547
12000 	0.2504370697493547
13000 	0.2504370697493547
14000 	0.2504370697493547
15000 	0.2504370697493547
17500 	0.2504370697493547
20000 	0.2504370697493547
22500 	0.2504370697493547
25000 	0.2504370697493547
30000 	0.2504370697493547
35000 	0.2504370697493547
40000 	0.2504370697493547
45000 	0.2504370697493547
50000 	0.2504370697493547
60000 	0.2504370697493547
70000 	0.2504370697493547
80000 	0.2504370697493547
90000 	0.2504370697493547
100000 	0.2504370697493547
110000 	0.2504370697493547
120000 	0.2504370697493547
130000 	0.2504370697493547
140000 	0.2504370697493547
150000 	0.2504370697493547
160000 	0.2504370697493547
170000 	0.2504370697493547
180000 	0.2504370697493547
190000 	0.2504370697493547
200000 	0.2504370697493547
300000 	0.2504370697493547
400000 	0.2504370697493547
500000 	0.2504370697493547
600000 	0.2504370697493547
700000 	0.2504370697493547
800000 	0.2504370697493547
900000 	0.2504370697493547
1000000 	0.2504370697493547
1100000 	0
1200000 	0
1300000 	0
1400000 	0
1500000 	0
1600000 	0
1700000 	0
1800000 	0
1900000 	0
2000000 	0
3000000 	0
4000000 	0
5000000 	0
6000000 	0
7000000 	0
8000000 	0
9000000 	0
10000000 	0
