10 	1.565106076697471
20 	1.5651261316868725
30 	1.5651425347782195
40 	1.565157370200094
50 	1.5651713800094371
60 	1.5651937743528208
70 	1.565204750261197
80 	1.5652153454499953
90 	1.5652241197028351
100 	1.5652327904005143
200 	1.56528499771329
300 	1.5653058856063393
400 	1.565313045071407
500 	1.5653156287147798
600 	1.5653165840760501
700 	1.56531694042353
800 	1.5653170670174197
900 	1.565317112762515
1000 	1.5653171296220219
2000 	1.5653171397390246
3000 	1.565317139834727
4000 	1.565317139834727
5000 	1.565317139834727
6000 	1.565317139834727
7000 	1.565317139834727
8000 	1.565317139834727
9000 	1.565317139834727
10000 	1.565317139834727
11000 	1.565317139834727
12000 	1.565317139834727
13000 	1.565317139834727
14000 	1.565317139834727
15000 	1.565317139834727
17500 	1.565317139834727
20000 	1.565317139834727
22500 	1.565317139834727
25000 	1.565317139834727
30000 	1.565317139834727
35000 	1.565317139834727
40000 	1.565317139834727
45000 	1.565317139834727
50000 	1.565317139834727
60000 	1.565317139834727
70000 	1.565317139834727
80000 	1.565317139834727
90000 	1.565317139834727
100000 	1.565317139834727
110000 	1.565317139834727
120000 	1.565317139834727
130000 	1.565317139834727
140000 	1.565317139834727
150000 	1.565317139834727
160000 	1.565317139834727
170000 	1.565317139834727
180000 	1.565317139834727
190000 	1.565317139834727
200000 	1.565317139834727
300000 	1.565317139834727
400000 	1.565317139834727
500000 	1.565317139834727
600000 	1.565317139834727
700000 	1.565317139834727
800000 	1.565317139834727
900000 	1.565317139834727
1000000 	1.565317139834727
1100000 	1.565317139834727
1200000 	1.565317139834727
1300000 	1.565317139834727
1400000 	1.565317139834727
1500000 	1.565317139834727
1600000 	1.565317139834727
1700000 	1.565317139834727
1800000 	1.565317139834727
1900000 	1.565317139834727
2000000 	1.565317139834727
3000000 	1.565317139834727
4000000 	1.565317139834727
5000000 	1.565317139834727
6000000 	1.565317139834727
7000000 	1.565317139834727
8000000 	1.565317139834727
9000000 	1.565317139834727
10000000 	0
