10 	1.6369978005737986
20 	1.637013254406764
30 	1.6370246880001853
40 	1.637034518038931
50 	1.6370435510767212
60 	1.6370583084664232
70 	1.637065325352911
80 	1.6370718946724037
90 	1.6370776389687118
100 	1.6370831003037378
200 	1.637116421993657
300 	1.6371281640627495
400 	1.6371323625313405
500 	1.6371341079208075
600 	1.6371347243088454
700 	1.6371349405964268
800 	1.637135019050914
900 	1.6371350476692876
1000 	1.6371350581767912
2000 	1.6371350643612714
3000 	1.6371350644061886
4000 	1.6371350644061886
5000 	1.6371350644061886
6000 	1.6371350644061886
7000 	1.6371350644061886
8000 	1.6371350644061886
9000 	1.6371350644061886
10000 	1.6371350644061886
11000 	1.6371350644061886
12000 	1.6371350644061886
13000 	1.6371350644061886
14000 	1.6371350644061886
15000 	1.6371350644061886
17500 	1.6371350644061886
20000 	1.6371350644061886
22500 	1.6371350644061886
25000 	1.6371350644061886
30000 	1.6371350644061886
35000 	1.6371350644061886
40000 	1.6371350644061886
45000 	1.6371350644061886
50000 	1.6371350644061886
60000 	1.6371350644061886
70000 	1.6371350644061886
80000 	1.6371350644061886
90000 	1.6371350644061886
100000 	1.6371350644061886
110000 	1.6371350644061886
120000 	1.6371350644061886
130000 	1.6371350644061886
140000 	1.6371350644061886
150000 	1.6371350644061886
160000 	1.6371350644061886
170000 	1.6371350644061886
180000 	1.6371350644061886
190000 	1.6371350644061886
200000 	1.6371350644061886
300000 	1.6371350644061886
400000 	1.6371350644061886
500000 	1.6371350644061886
600000 	1.6371350644061886
700000 	1.6371350644061886
800000 	1.6371350644061886
900000 	1.6371350644061886
1000000 	1.6371350644061886
1100000 	1.6371350644061886
1200000 	1.6371350644061886
1300000 	0
1400000 	0
1500000 	0
1600000 	0
1700000 	0
1800000 	0
1900000 	0
2000000 	0
3000000 	0
4000000 	0
5000000 	0
6000000 	0
7000000 	0
8000000 	0
9000000 	0
10000000 	0
