10 	0.07468936207144604
20 	0.07470102854580538
30 	0.07471080176997638
40 	0.07471929959640591
50 	0.07472698355904626
60 	0.07474077890602393
70 	0.07474706359855447
80 	0.07475285852623165
90 	0.07475799577569278
100 	0.0747628329001482
200 	0.07479415473766171
300 	0.07480535851457398
400 	0.07480941971970617
500 	0.074810899231112
600 	0.07481148066332169
700 	0.07481167917859764
800 	0.07481175139042173
900 	0.07481177806938127
1000 	0.07481178774389237
2000 	0.07481179336567599
3000 	0.0748117934240941
4000 	0.0748117934240941
5000 	0.0748117934240941
6000 	0.0748117934240941
7000 	0.0748117934240941
8000 	0.0748117934240941
9000 	0.0748117934240941
10000 	0.0748117934240941
11000 	0.0748117934240941
12000 	0.0748117934240941
13000 	0.0748117934240941
14000 	0.0748117934240941
15000 	0.0748117934240941
17500 	0.0748117934240941
20000 	0.0748117934240941
22500 	0.0748117934240941
25000 	0.0748117934240941
30000 	0.0748117934240941
35000 	0.0748117934240941
40000 	0.0748117934240941
45000 	0.0748117934240941
50000 	0.0748117934240941
60000 	0.0748117934240941
70000 	0.0748117934240941
80000 	0.0748117934240941
90000 	0.0748117934240941
100000 	0.0748117934240941
110000 	0.0748117934240941
120000 	0.0748117934240941
130000 	0.0748117934240941
140000 	0.0748117934240941
150000 	0.0748117934240941
160000 	0.0748117934240941
170000 	0.0748117934240941
180000 	0.0748117934240941
190000 	0.0748117934240941
200000 	0.0748117934240941
300000 	0.0748117934240941
400000 	0.0748117934240941
500000 	0.0748117934240941
600000 	0.0748117934240941
700000 	0.0748117934240941
800000 	0.0748117934240941
900000 	0.0748117934240941
1000000 	0.0748117934240941
1100000 	0.0748117934240941
1200000 	0.0748117934240941
1300000 	0.0748117934240941
1400000 	0.0748117934240941
1500000 	0.0748117934240941
1600000 	0.0748117934240941
1700000 	0.0748117934240941
1800000 	0.0748117934240941
1900000 	0.0748117934240941
2000000 	0.0748117934240941
3000000 	0
4000000 	0
5000000 	0
6000000 	0
7000000 	0
8000000 	0
9000000 	0
10000000 	0
