10 	0.09590144340406163
20 	0.09591478418272505
30 	0.09592529569077485
40 	0.09593462917621978
50 	0.09594292754747011
60 	0.09595760462271793
70 	0.09596449743633054
80 	0.09597051782373411
90 	0.09597606509886578
100 	0.09598136290923809
200 	0.09601369796080712
300 	0.0960252569413306
400 	0.0960295296981647
500 	0.09603110113608714
600 	0.09603171525326983
700 	0.09603192384258673
800 	0.09603200022236366
900 	0.09603202861286926
1000 	0.09603203880648692
2000 	0.09603204484049002
3000 	0.09603204499427048
4000 	0.09603204499427048
5000 	0.09603204499427048
6000 	0.09603204499427048
7000 	0.09603204499427048
8000 	0.09603204499427048
9000 	0.09603204499427048
10000 	0.09603204499427048
11000 	0.09603204499427048
12000 	0.09603204499427048
13000 	0.09603204499427048
14000 	0.09603204499427048
15000 	0.09603204499427048
17500 	0.09603204499427048
20000 	0.09603204499427048
22500 	0.09603204499427048
25000 	0.09603204499427048
30000 	0.09603204499427048
35000 	0.09603204499427048
40000 	0.09603204499427048
45000 	0.09603204499427048
50000 	0.09603204499427048
60000 	0.09603204499427048
70000 	0.09603204499427048
80000 	0.09603204499427048
90000 	0.09603204499427048
100000 	0.09603204499427048
110000 	0.09603204499427048
120000 	0.09603204499427048
130000 	0.09603204499427048
140000 	0.09603204499427048
150000 	0.09603204499427048
160000 	0.09603204499427048
170000 	0.09603204499427048
180000 	0.09603204499427048
190000 	0.09603204499427048
200000 	0.09603204499427048
300000 	0.09603204499427048
400000 	0.09603204499427048
500000 	0.09603204499427048
600000 	0.09603204499427048
700000 	0.09603204499427048
800000 	0.09603204499427048
900000 	0.09603204499427048
1000000 	0.09603204499427048
1100000 	0.09603204499427048
1200000 	0.09603204499427048
1300000 	0.09603204499427048
1400000 	0.09603204499427048
1500000 	0.09603204499427048
1600000 	0.09603204499427048
1700000 	0.09603204499427048
1800000 	0.09603204499427048
1900000 	0.09603204499427048
2000000 	0.09603204499427048
3000000 	0.09603204499427048
4000000 	0.09603204499427048
5000000 	0
6000000 	0
7000000 	0
8000000 	0
9000000 	0
10000000 	0
