10 	0.07370383373946385
20 	0.07371630845365734
30 	0.0737267940294655
40 	0.07373579007058542
50 	0.07374407936963567
60 	0.07375757232777894
70 	0.07376531628634156
80 	0.0737712178216341
90 	0.0737768616630179
100 	0.07378215868412523
200 	0.07381431498222646
300 	0.07382636005832592
400 	0.0738305420884545
500 	0.07383207687380883
600 	0.07383270611548297
700 	0.07383291789783722
800 	0.07383300305794113
900 	0.07383303259246936
1000 	0.07383304276315662
2000 	0.07383304881168389
3000 	0.07383304888756391
4000 	0.07383304888756391
5000 	0.07383304888756391
6000 	0.07383304888756391
7000 	0.07383304888756391
8000 	0.07383304888756391
9000 	0.07383304888756391
10000 	0.07383304888756391
11000 	0.07383304888756391
12000 	0.07383304888756391
13000 	0.07383304888756391
14000 	0.07383304888756391
15000 	0.07383304888756391
17500 	0.07383304888756391
20000 	0.07383304888756391
22500 	0.07383304888756391
25000 	0.07383304888756391
30000 	0.07383304888756391
35000 	0.07383304888756391
40000 	0.07383304888756391
45000 	0.07383304888756391
50000 	0.07383304888756391
60000 	0.07383304888756391
70000 	0.07383304888756391
80000 	0.07383304888756391
90000 	0.07383304888756391
100000 	0.07383304888756391
110000 	0.07383304888756391
120000 	0.07383304888756391
130000 	0.07383304888756391
140000 	0.07383304888756391
150000 	0.07383304888756391
160000 	0.07383304888756391
170000 	0.07383304888756391
180000 	0.07383304888756391
190000 	0.07383304888756391
200000 	0.07383304888756391
300000 	0.07383304888756391
400000 	0.07383304888756391
500000 	0.07383304888756391
600000 	0.07383304888756391
700000 	0.07383304888756391
800000 	0.07383304888756391
900000 	0.07383304888756391
1000000 	0.07383304888756391
1100000 	0.07383304888756391
1200000 	0.07383304888756391
1300000 	0.07383304888756391
1400000 	0.07383304888756391
1500000 	0.07383304888756391
1600000 	0.07383304888756391
1700000 	0.07383304888756391
1800000 	0.07383304888756391
1900000 	0.07383304888756391
2000000 	0.07383304888756391
3000000 	0.07383304888756391
4000000 	0.07383304888756391
5000000 	0
6000000 	0
7000000 	0
8000000 	0
9000000 	0
10000000 	0
