10 	0.10269379998376936
20 	0.10270942394227325
30 	0.1027195680408851
40 	0.10272956940207016
50 	0.10273815761275636
60 	0.10275291239558809
70 	0.10276031381901239
80 	0.1027665588028327
90 	0.10277199549493378
100 	0.10277747885148096
200 	0.10281010729633645
300 	0.10282300843815524
400 	0.10282739265108605
500 	0.1028290008157856
600 	0.10282958204524471
700 	0.10282979596808521
800 	0.10282987406949015
900 	0.1028299028195599
1000 	0.1028299136801844
2000 	0.10282991980604061
3000 	0.10282991999837204
4000 	0.10282991999837204
5000 	0.10282991999837204
6000 	0.10282991999837204
7000 	0.10282991999837204
8000 	0.10282991999837204
9000 	0.10282991999837204
10000 	0.10282991999837204
11000 	0.10282991999837204
12000 	0.10282991999837204
13000 	0.10282991999837204
14000 	0.10282991999837204
15000 	0.10282991999837204
17500 	0.10282991999837204
20000 	0.10282991999837204
22500 	0.10282991999837204
25000 	0.10282991999837204
30000 	0.10282991999837204
35000 	0.10282991999837204
40000 	0.10282991999837204
45000 	0.10282991999837204
50000 	0.10282991999837204
60000 	0.10282991999837204
70000 	0.10282991999837204
80000 	0.10282991999837204
90000 	0.10282991999837204
100000 	0.10282991999837204
110000 	0.10282991999837204
120000 	0.10282991999837204
130000 	0.10282991999837204
140000 	0.10282991999837204
150000 	0.10282991999837204
160000 	0.10282991999837204
170000 	0.10282991999837204
180000 	0.10282991999837204
190000 	0.10282991999837204
200000 	0.10282991999837204
300000 	0.10282991999837204
400000 	0.10282991999837204
500000 	0.10282991999837204
600000 	0.10282991999837204
700000 	0.10282991999837204
800000 	0.10282991999837204
900000 	0.10282991999837204
1000000 	0.10282991999837204
1100000 	0.10282991999837204
1200000 	0.10282991999837204
1300000 	0.10282991999837204
1400000 	0.10282991999837204
1500000 	0.10282991999837204
1600000 	0.10282991999837204
1700000 	0.10282991999837204
1800000 	0.10282991999837204
1900000 	0.10282991999837204
2000000 	0.10282991999837204
3000000 	0.10282991999837204
4000000 	0.10282991999837204
5000000 	0
6000000 	0
7000000 	0
8000000 	0
9000000 	0
10000000 	0
