10 	0.10178278766497834
20 	0.1017946653046547
30 	0.10180481500732921
40 	0.10181382131620073
50 	0.10182165985554323
60 	0.10183459271968912
70 	0.10184087985654991
80 	0.10184689031242608
90 	0.10185234029047657
100 	0.10185717818500192
200 	0.10188744401630527
300 	0.10189922543376236
400 	0.10190327586410346
500 	0.10190475116702642
600 	0.10190529625471541
700 	0.10190549483081955
800 	0.10190556738694533
900 	0.10190559381675841
1000 	0.10190560357574316
2000 	0.10190560958144303
3000 	0.10190560968966551
4000 	0.10190560968966551
5000 	0.10190560968966551
6000 	0.10190560968966551
7000 	0.10190560968966551
8000 	0.10190560968966551
9000 	0.10190560968966551
10000 	0.10190560968966551
11000 	0.10190560968966551
12000 	0.10190560968966551
13000 	0.10190560968966551
14000 	0.10190560968966551
15000 	0.10190560968966551
17500 	0.10190560968966551
20000 	0.10190560968966551
22500 	0.10190560968966551
25000 	0.10190560968966551
30000 	0.10190560968966551
35000 	0.10190560968966551
40000 	0.10190560968966551
45000 	0.10190560968966551
50000 	0.10190560968966551
60000 	0.10190560968966551
70000 	0.10190560968966551
80000 	0.10190560968966551
90000 	0.10190560968966551
100000 	0.10190560968966551
110000 	0.10190560968966551
120000 	0.10190560968966551
130000 	0.10190560968966551
140000 	0.10190560968966551
150000 	0.10190560968966551
160000 	0.10190560968966551
170000 	0.10190560968966551
180000 	0.10190560968966551
190000 	0.10190560968966551
200000 	0.10190560968966551
300000 	0.10190560968966551
400000 	0.10190560968966551
500000 	0.10190560968966551
600000 	0.10190560968966551
700000 	0.10190560968966551
800000 	0.10190560968966551
900000 	0.10190560968966551
1000000 	0.10190560968966551
1100000 	0.10190560968966551
1200000 	0.10190560968966551
1300000 	0.10190560968966551
1400000 	0.10190560968966551
1500000 	0.10190560968966551
1600000 	0.10190560968966551
1700000 	0.10190560968966551
1800000 	0.10190560968966551
1900000 	0.10190560968966551
2000000 	0.10190560968966551
3000000 	0.10190560968966551
4000000 	0.10190560968966551
5000000 	0.10190560968966551
6000000 	0.10190560968966551
7000000 	0.10190560968966551
8000000 	0.10190560968966551
9000000 	0.10190560968966551
10000000 	0
