10 	0.11397304055564747
20 	0.11398470491670058
30 	0.11399447429909364
40 	0.1140027975995916
50 	0.11401079108124741
60 	0.11402429806554815
70 	0.11403045361029256
80 	0.11403636301261356
90 	0.11404150330623497
100 	0.11404633947538372
200 	0.11407639812083825
300 	0.1140875094654398
400 	0.11409158137834435
500 	0.11409317992940449
600 	0.11409372220681657
700 	0.11409392208834133
800 	0.11409399430780615
900 	0.1140940207641402
1000 	0.11409403056581123
2000 	0.11409403631684921
3000 	0.11409403641309185
4000 	0.11409403641309185
5000 	0.11409403641309185
6000 	0.11409403641309185
7000 	0.11409403641309185
8000 	0.11409403641309185
9000 	0.11409403641309185
10000 	0.11409403641309185
11000 	0.11409403641309185
12000 	0.11409403641309185
13000 	0.11409403641309185
14000 	0.11409403641309185
15000 	0.11409403641309185
17500 	0.11409403641309185
20000 	0.11409403641309185
22500 	0.11409403641309185
25000 	0.11409403641309185
30000 	0.11409403641309185
35000 	0.11409403641309185
40000 	0.11409403641309185
45000 	0.11409403641309185
50000 	0.11409403641309185
60000 	0.11409403641309185
70000 	0.11409403641309185
80000 	0.11409403641309185
90000 	0.11409403641309185
100000 	0.11409403641309185
110000 	0.11409403641309185
120000 	0.11409403641309185
130000 	0.11409403641309185
140000 	0.11409403641309185
150000 	0.11409403641309185
160000 	0.11409403641309185
170000 	0.11409403641309185
180000 	0.11409403641309185
190000 	0.11409403641309185
200000 	0.11409403641309185
300000 	0.11409403641309185
400000 	0.11409403641309185
500000 	0.11409403641309185
600000 	0.11409403641309185
700000 	0.11409403641309185
800000 	0.11409403641309185
900000 	0.11409403641309185
1000000 	0.11409403641309185
1100000 	0.11409403641309185
1200000 	0.11409403641309185
1300000 	0.11409403641309185
1400000 	0.11409403641309185
1500000 	0.11409403641309185
1600000 	0.11409403641309185
1700000 	0.11409403641309185
1800000 	0.11409403641309185
1900000 	0.11409403641309185
2000000 	0.11409403641309185
3000000 	0
4000000 	0
5000000 	0
6000000 	0
7000000 	0
8000000 	0
9000000 	0
10000000 	0
