10 	0.1442802833663686
20 	0.14429382513761507
30 	0.14430566370370349
40 	0.14431483101778386
50 	0.14432327211693666
60 	0.14433704917019552
70 	0.14434395934527172
80 	0.1443500920413763
90 	0.14435553883226027
100 	0.14436074954088152
200 	0.14439437258744495
300 	0.14440635799591253
400 	0.1444106506628052
500 	0.14441221517023295
600 	0.14441278462358945
700 	0.1444130129721337
800 	0.1444130941202028
900 	0.14441312214892035
1000 	0.14441313229524477
2000 	0.14441313819770016
3000 	0.14441313831764874
4000 	0.14441313831764874
5000 	0.14441313831764874
6000 	0.14441313831764874
7000 	0.14441313831764874
8000 	0.14441313831764874
9000 	0.14441313831764874
10000 	0.14441313831764874
11000 	0.14441313831764874
12000 	0.14441313831764874
13000 	0.14441313831764874
14000 	0.14441313831764874
15000 	0.14441313831764874
17500 	0.14441313831764874
20000 	0.14441313831764874
22500 	0.14441313831764874
25000 	0.14441313831764874
30000 	0.14441313831764874
35000 	0.14441313831764874
40000 	0.14441313831764874
45000 	0.14441313831764874
50000 	0.14441313831764874
60000 	0.14441313831764874
70000 	0.14441313831764874
80000 	0.14441313831764874
90000 	0.14441313831764874
100000 	0.14441313831764874
110000 	0.14441313831764874
120000 	0.14441313831764874
130000 	0.14441313831764874
140000 	0.14441313831764874
150000 	0.14441313831764874
160000 	0.14441313831764874
170000 	0.14441313831764874
180000 	0.14441313831764874
190000 	0.14441313831764874
200000 	0.14441313831764874
300000 	0.14441313831764874
400000 	0.14441313831764874
500000 	0.14441313831764874
600000 	0.14441313831764874
700000 	0.14441313831764874
800000 	0.14441313831764874
900000 	0.14441313831764874
1000000 	0.14441313831764874
1100000 	0.14441313831764874
1200000 	0.14441313831764874
1300000 	0.14441313831764874
1400000 	0.14441313831764874
1500000 	0.14441313831764874
1600000 	0.14441313831764874
1700000 	0
1800000 	0
1900000 	0
2000000 	0
3000000 	0
4000000 	0
5000000 	0
6000000 	0
7000000 	0
8000000 	0
9000000 	0
10000000 	0
