10 	0.0032016453857536043
20 	0.003214082458577804
30 	0.003223842232510526
40 	0.0032326807930171575
50 	0.003240821384986657
60 	0.003251032636513296
70 	0.0032574377032200622
80 	0.0032634582931805873
90 	0.003268898030678194
100 	0.0032737276000334658
200 	0.0033043220618814164
300 	0.0033156593543151327
400 	0.0033197908974596465
500 	0.0033213061193553437
600 	0.003321892468613162
700 	0.0033220966868307148
800 	0.003322170809045535
900 	0.0033221980491650936
1000 	0.0033222079747206416
2000 	0.00332221377912685
3000 	0.003322213785111501
4000 	0.0033222137851115015
5000 	0.0033222137851115015
6000 	0.0033222137851115015
7000 	0.0033222137851115015
8000 	0.0033222137851115015
9000 	0.0033222137851115015
10000 	0.0033222137851115015
11000 	0.0033222137851115015
12000 	0.0033222137851115015
13000 	0.0033222137851115015
14000 	0.0033222137851115015
15000 	0.0033222137851115015
17500 	0.0033222137851115015
20000 	0.0033222137851115015
22500 	0.0033222137851115015
25000 	0.0033222137851115015
30000 	0.0033222137851115015
35000 	0.0033222137851115015
40000 	0.0033222137851115015
45000 	0.0033222137851115015
50000 	0.0033222137851115015
60000 	0.0033222137851115015
70000 	0.0033222137851115015
80000 	0.0033222137851115015
90000 	0.0033222137851115015
100000 	0.0033222137851115015
110000 	0
120000 	0
130000 	0
140000 	0
150000 	0
160000 	0
170000 	0
180000 	0
190000 	0
200000 	0
300000 	0
400000 	0
500000 	0
600000 	0
700000 	0
800000 	0
900000 	0
1000000 	0
1100000 	0
1200000 	0
1300000 	0
1400000 	0
1500000 	0
1600000 	0
1700000 	0
1800000 	0
1900000 	0
2000000 	0
3000000 	0
4000000 	0
5000000 	0
6000000 	0
