10 	0.08343796528870524
20 	0.08344962339289894
30 	0.08345958020814878
40 	0.08346808142430034
50 	0.08347607186993566
60 	0.08348944698818499
70 	0.08349585833454164
80 	0.08350187995555809
90 	0.08350691358302108
100 	0.0835118443275288
200 	0.0835417677024445
300 	0.08355290628783274
400 	0.08355701464078953
500 	0.08355858471874258
600 	0.08355913094549766
700 	0.08355934650859788
800 	0.08355941969162131
900 	0.0835594465642999
1000 	0.08355945634850076
2000 	0.08355946202718982
3000 	0.08355946211596874
4000 	0.08355946211596874
5000 	0.08355946211596874
6000 	0.08355946211596874
7000 	0.08355946211596874
8000 	0.08355946211596874
9000 	0.08355946211596874
10000 	0.08355946211596874
11000 	0.08355946211596874
12000 	0.08355946211596874
13000 	0.08355946211596874
14000 	0.08355946211596874
15000 	0.08355946211596874
17500 	0.08355946211596874
20000 	0.08355946211596874
22500 	0.08355946211596874
25000 	0.08355946211596874
30000 	0.08355946211596874
35000 	0.08355946211596874
40000 	0.08355946211596874
45000 	0.08355946211596874
50000 	0.08355946211596874
60000 	0.08355946211596874
70000 	0.08355946211596874
80000 	0.08355946211596874
90000 	0.08355946211596874
100000 	0.08355946211596874
110000 	0.08355946211596874
120000 	0.08355946211596874
130000 	0.08355946211596874
140000 	0.08355946211596874
150000 	0.08355946211596874
160000 	0.08355946211596874
170000 	0.08355946211596874
180000 	0.08355946211596874
190000 	0.08355946211596874
200000 	0.08355946211596874
300000 	0.08355946211596874
400000 	0.08355946211596874
500000 	0.08355946211596874
600000 	0.08355946211596874
700000 	0.08355946211596874
800000 	0.08355946211596874
900000 	0.08355946211596874
1000000 	0.08355946211596874
1100000 	0.08355946211596874
1200000 	0.08355946211596874
1300000 	0.08355946211596874
1400000 	0.08355946211596874
1500000 	0.08355946211596874
1600000 	0.08355946211596874
1700000 	0.08355946211596874
1800000 	0.08355946211596874
1900000 	0.08355946211596874
2000000 	0.08355946211596874
3000000 	0.08355946211596874
4000000 	0.08355946211596874
5000000 	0.08355946211596874
6000000 	0.08355946211596874
7000000 	0.08355946211596874
8000000 	0.08355946211596874
9000000 	0.08355946211596874
10000000 	0
