10 	0.0044133655799719574
20 	0.004425427803570007
30 	0.004436150897558054
40 	0.004445150615248857
50 	0.004459392168903083
60 	0.0044704408456922844
70 	0.004477096597876435
80 	0.00448301157863069
90 	0.004488355875578918
100 	0.004493190218392319
200 	0.004524356773387903
300 	0.0045357252720615495
400 	0.004539973175954899
500 	0.00454151810225714
600 	0.004542073085231903
700 	0.004542286732869278
800 	0.004542365097686186
900 	0.00454239225675222
1000 	0.004542402284898978
2000 	0.00454240808982186
3000 	0.004542408097317257
4000 	0.004542408097317258
5000 	0.004542408097317258
6000 	0.004542408097317258
7000 	0.004542408097317258
8000 	0.004542408097317258
9000 	0.004542408097317258
10000 	0.004542408097317258
11000 	0.004542408097317258
12000 	0.004542408097317258
13000 	0.004542408097317258
14000 	0.004542408097317258
15000 	0.004542408097317258
17500 	0.004542408097317258
20000 	0.004542408097317258
22500 	0.004542408097317258
25000 	0.004542408097317258
30000 	0.004542408097317258
35000 	0.004542408097317258
40000 	0.004542408097317258
45000 	0.004542408097317258
50000 	0.004542408097317258
60000 	0.004542408097317258
70000 	0.004542408097317258
80000 	0.004542408097317258
90000 	0.004542408097317258
100000 	0.004542408097317258
110000 	0
120000 	0
130000 	0
140000 	0
150000 	0
160000 	0
170000 	0
180000 	0
190000 	0
200000 	0
300000 	0
400000 	0
500000 	0
600000 	0
700000 	0
800000 	0
900000 	0
1000000 	0
1100000 	0
1200000 	0
1300000 	0
1400000 	0
1500000 	0
1600000 	0
1700000 	0
1800000 	0
1900000 	0
2000000 	0
3000000 	0
4000000 	0
5000000 	0
6000000 	0
