10 	0.12708289086734412
20 	0.12710746120251304
30 	0.1271343514832853
40 	0.12715270122223538
50 	0.12716989587689
60 	0.12719489665768824
70 	0.12720808411749046
80 	0.1272199017675266
90 	0.12723038538339296
100 	0.12724033391232684
200 	0.12730218424676443
300 	0.12732546109742018
400 	0.12733391442852782
500 	0.12733692902235733
600 	0.12733803176851435
700 	0.1273384532755034
800 	0.12733859961507077
900 	0.12733865356115368
1000 	0.12733867372045835
2000 	0.12733868536941054
3000 	0.12733868557752384
4000 	0.12733868557752384
5000 	0.12733868557752384
6000 	0.12733868557752384
7000 	0.12733868557752384
8000 	0.12733868557752384
9000 	0.12733868557752384
10000 	0.12733868557752384
11000 	0.12733868557752384
12000 	0.12733868557752384
13000 	0.12733868557752384
14000 	0.12733868557752384
15000 	0.12733868557752384
17500 	0.12733868557752384
20000 	0.12733868557752384
22500 	0.12733868557752384
25000 	0.12733868557752384
30000 	0.12733868557752384
35000 	0.12733868557752384
40000 	0.12733868557752384
45000 	0.12733868557752384
50000 	0.12733868557752384
60000 	0.12733868557752384
70000 	0.12733868557752384
80000 	0.12733868557752384
90000 	0.12733868557752384
100000 	0.12733868557752384
110000 	0.12733868557752384
120000 	0.12733868557752384
130000 	0.12733868557752384
140000 	0.12733868557752384
150000 	0.12733868557752384
160000 	0.12733868557752384
170000 	0.12733868557752384
180000 	0.12733868557752384
190000 	0.12733868557752384
200000 	0.12733868557752384
300000 	0.12733868557752384
400000 	0.12733868557752384
500000 	0.12733868557752384
600000 	0.12733868557752384
700000 	0.12733868557752384
800000 	0.12733868557752384
900000 	0.12733868557752384
1000000 	0.12733868557752384
1100000 	0.12733868557752384
1200000 	0.12733868557752384
1300000 	0
1400000 	0
1500000 	0
1600000 	0
1700000 	0
1800000 	0
1900000 	0
2000000 	0
3000000 	0
4000000 	0
5000000 	0
6000000 	0
7000000 	0
8000000 	0
9000000 	0
10000000 	0
