10 	0.08924419092359015
20 	0.08925539955518595
30 	0.0892647864849842
40 	0.08927344728114499
50 	0.08928098545182517
60 	0.08929163474379524
70 	0.08929804100121383
80 	0.08930372697509384
90 	0.08930907333288983
100 	0.0893139048108161
200 	0.08934435070880975
300 	0.08935664612465437
400 	0.0893607723416484
500 	0.08936227391298646
600 	0.08936282155604887
700 	0.08936302194547345
800 	0.08936309490722816
900 	0.08936312171355146
1000 	0.08936313195733211
2000 	0.08936313769788512
3000 	0.08936313776295633
4000 	0.08936313776295633
5000 	0.08936313776295633
6000 	0.08936313776295633
7000 	0.08936313776295633
8000 	0.08936313776295633
9000 	0.08936313776295633
10000 	0.08936313776295633
11000 	0.08936313776295633
12000 	0.08936313776295633
13000 	0.08936313776295633
14000 	0.08936313776295633
15000 	0.08936313776295633
17500 	0.08936313776295633
20000 	0.08936313776295633
22500 	0.08936313776295633
25000 	0.08936313776295633
30000 	0.08936313776295633
35000 	0.08936313776295633
40000 	0.08936313776295633
45000 	0.08936313776295633
50000 	0.08936313776295633
60000 	0.08936313776295633
70000 	0.08936313776295633
80000 	0.08936313776295633
90000 	0.08936313776295633
100000 	0.08936313776295633
110000 	0.08936313776295633
120000 	0.08936313776295633
130000 	0.08936313776295633
140000 	0.08936313776295633
150000 	0.08936313776295633
160000 	0.08936313776295633
170000 	0.08936313776295633
180000 	0.08936313776295633
190000 	0.08936313776295633
200000 	0.08936313776295633
300000 	0.08936313776295633
400000 	0.08936313776295633
500000 	0.08936313776295633
600000 	0.08936313776295633
700000 	0.08936313776295633
800000 	0.08936313776295633
900000 	0.08936313776295633
1000000 	0.08936313776295633
1100000 	0.08936313776295633
1200000 	0.08936313776295633
1300000 	0.08936313776295633
1400000 	0.08936313776295633
1500000 	0.08936313776295633
1600000 	0.08936313776295633
1700000 	0.08936313776295633
1800000 	0.08936313776295633
1900000 	0.08936313776295633
2000000 	0.08936313776295633
3000000 	0.08936313776295633
4000000 	0
5000000 	0
6000000 	0
7000000 	0
8000000 	0
9000000 	0
10000000 	0
