10 	0.3684565074321672
20 	0.3684704177524972
30 	0.36848111459574245
40 	0.36849077530994406
50 	0.3684996837958013
60 	0.36851444954283186
70 	0.36852147882644354
80 	0.3685279470926022
90 	0.36853359704485855
100 	0.36853879670155143
200 	0.36857127848086835
300 	0.3685831553420169
400 	0.36858753764379987
500 	0.36858912575871317
600 	0.36858970426868937
700 	0.3685899246299649
800 	0.36859000196199604
900 	0.3685900304021974
1000 	0.3685900406654048
2000 	0.36859004672762
3000 	0.3685900473433161
4000 	0.3685900473433161
5000 	0.3685900473433161
6000 	0.3685900473433161
7000 	0.3685900473433161
8000 	0.3685900473433161
9000 	0.3685900473433161
10000 	0.3685900473433161
11000 	0.3685900473433161
12000 	0.3685900473433161
13000 	0.3685900473433161
14000 	0.3685900473433161
15000 	0.3685900473433161
17500 	0.3685900473433161
20000 	0.3685900473433161
22500 	0.3685900473433161
25000 	0.3685900473433161
30000 	0.3685900473433161
35000 	0.3685900473433161
40000 	0.3685900473433161
45000 	0.3685900473433161
50000 	0.3685900473433161
60000 	0.3685900473433161
70000 	0.3685900473433161
80000 	0.3685900473433161
90000 	0.3685900473433161
100000 	0.3685900473433161
110000 	0.3685900473433161
120000 	0.3685900473433161
130000 	0.3685900473433161
140000 	0.3685900473433161
150000 	0.3685900473433161
160000 	0.3685900473433161
170000 	0.3685900473433161
180000 	0.3685900473433161
190000 	0.3685900473433161
200000 	0.3685900473433161
300000 	0.3685900473433161
400000 	0.3685900473433161
500000 	0.3685900473433161
600000 	0.3685900473433161
700000 	0.3685900473433161
800000 	0.3685900473433161
900000 	0.3685900473433161
1000000 	0.3685900473433161
1100000 	0.3685900473433161
1200000 	0.3685900473433161
1300000 	0.3685900473433161
1400000 	0.3685900473433161
1500000 	0.3685900473433161
1600000 	0.3685900473433161
1700000 	0
1800000 	0
1900000 	0
2000000 	0
3000000 	0
4000000 	0
5000000 	0
6000000 	0
7000000 	0
8000000 	0
9000000 	0
10000000 	0
