10 	0.03790986408957307
20 	0.03793392849585272
30 	0.037953791823914736
40 	0.03797244336158869
50 	0.03798884920791062
60 	0.038008945927069444
70 	0.038022485772662276
80 	0.03803519111007231
90 	0.038046263516431485
100 	0.03805665802595645
200 	0.038122263605642866
300 	0.03814738155594735
400 	0.038156504949702866
500 	0.038160014449887
600 	0.03816129217672766
700 	0.03816174559596086
800 	0.03816191536450412
900 	0.038161975329151464
1000 	0.03816199810335936
2000 	0.03816201086558235
3000 	0.03816201092600377
4000 	0.03816201092600377
5000 	0.03816201092600377
6000 	0.03816201092600377
7000 	0.03816201092600377
8000 	0.03816201092600377
9000 	0.03816201092600377
10000 	0.03816201092600377
11000 	0.03816201092600377
12000 	0.03816201092600377
13000 	0.03816201092600377
14000 	0.03816201092600377
15000 	0.03816201092600377
17500 	0.03816201092600377
20000 	0.03816201092600377
22500 	0.03816201092600377
25000 	0.03816201092600377
30000 	0.03816201092600377
35000 	0.03816201092600377
40000 	0.03816201092600377
45000 	0.03816201092600377
50000 	0.03816201092600377
60000 	0.03816201092600377
70000 	0.03816201092600377
80000 	0.03816201092600377
90000 	0.03816201092600377
100000 	0.03816201092600377
110000 	0.03816201092600377
120000 	0.03816201092600377
130000 	0.03816201092600377
140000 	0.03816201092600377
150000 	0.03816201092600377
160000 	0.03816201092600377
170000 	0.03816201092600377
180000 	0.03816201092600377
190000 	0.03816201092600377
200000 	0.03816201092600377
300000 	0.03816201092600377
400000 	0.03816201092600377
500000 	0.03816201092600377
600000 	0.03816201092600377
700000 	0.03816201092600377
800000 	0.03816201092600377
900000 	0.03816201092600377
1000000 	0.03816201092600377
1100000 	0
1200000 	0
1300000 	0
1400000 	0
1500000 	0
1600000 	0
1700000 	0
1800000 	0
1900000 	0
2000000 	0
3000000 	0
4000000 	0
5000000 	0
6000000 	0
7000000 	0
8000000 	0
9000000 	0
10000000 	0
