10 	0.0037626875012154062
20 	0.0037751226262347677
30 	0.0037854226062304023
40 	0.0037940746438883135
50 	0.0038020559727301316
60 	0.0038125542151644536
70 	0.003819207511363158
80 	0.0038254390617519125
90 	0.003830783379302375
100 	0.003835801254668852
200 	0.0038667635716017846
300 	0.003878183945199034
400 	0.0038827080446752417
500 	0.003884213647702486
600 	0.003884769330837151
700 	0.003884975894280293
800 	0.003885050394933793
900 	0.0038850776478717
1000 	0.003885087639317522
2000 	0.003885093745223872
3000 	0.0038850937522822825
4000 	0.0038850937522822834
5000 	0.0038850937522822834
6000 	0.0038850937522822834
7000 	0.0038850937522822834
8000 	0.0038850937522822834
9000 	0.0038850937522822834
10000 	0.0038850937522822834
11000 	0.0038850937522822834
12000 	0.0038850937522822834
13000 	0.0038850937522822834
14000 	0.0038850937522822834
15000 	0.0038850937522822834
17500 	0.0038850937522822834
20000 	0.0038850937522822834
22500 	0.0038850937522822834
25000 	0.0038850937522822834
30000 	0.0038850937522822834
35000 	0.0038850937522822834
40000 	0.0038850937522822834
45000 	0.0038850937522822834
50000 	0.0038850937522822834
60000 	0.0038850937522822834
70000 	0.0038850937522822834
80000 	0.0038850937522822834
90000 	0.0038850937522822834
100000 	0.0038850937522822834
110000 	0
120000 	0
130000 	0
140000 	0
150000 	0
160000 	0
170000 	0
180000 	0
190000 	0
200000 	0
300000 	0
400000 	0
500000 	0
600000 	0
700000 	0
800000 	0
900000 	0
1000000 	0
1100000 	0
1200000 	0
1300000 	0
1400000 	0
1500000 	0
1600000 	0
1700000 	0
1800000 	0
1900000 	0
2000000 	0
3000000 	0
4000000 	0
5000000 	0
6000000 	0
