10 	0.0906511531129702
20 	0.09066281349370947
30 	0.09067239726192332
40 	0.09068088346335523
50 	0.09068856733573934
60 	0.0907037963036859
70 	0.09071008099621644
80 	0.09071621704812242
90 	0.09072135934097851
100 	0.0907262028811013
200 	0.09075652032767256
300 	0.09076760896457539
400 	0.0907719231929226
500 	0.0907734038215436
600 	0.09077404492309522
700 	0.09077424393680143
800 	0.09077431638918936
900 	0.09077434306167673
1000 	0.09077435273752914
2000 	0.0907743584236581
3000 	0.09077435850588453
4000 	0.09077435850588453
5000 	0.09077435850588453
6000 	0.09077435850588453
7000 	0.09077435850588453
8000 	0.09077435850588453
9000 	0.09077435850588453
10000 	0.09077435850588453
11000 	0.09077435850588453
12000 	0.09077435850588453
13000 	0.09077435850588453
14000 	0.09077435850588453
15000 	0.09077435850588453
17500 	0.09077435850588453
20000 	0.09077435850588453
22500 	0.09077435850588453
25000 	0.09077435850588453
30000 	0.09077435850588453
35000 	0.09077435850588453
40000 	0.09077435850588453
45000 	0.09077435850588453
50000 	0.09077435850588453
60000 	0.09077435850588453
70000 	0.09077435850588453
80000 	0.09077435850588453
90000 	0.09077435850588453
100000 	0.09077435850588453
110000 	0.09077435850588453
120000 	0.09077435850588453
130000 	0.09077435850588453
140000 	0.09077435850588453
150000 	0.09077435850588453
160000 	0.09077435850588453
170000 	0.09077435850588453
180000 	0.09077435850588453
190000 	0.09077435850588453
200000 	0.09077435850588453
300000 	0.09077435850588453
400000 	0.09077435850588453
500000 	0.09077435850588453
600000 	0.09077435850588453
700000 	0.09077435850588453
800000 	0.09077435850588453
900000 	0.09077435850588453
1000000 	0.09077435850588453
1100000 	0.09077435850588453
1200000 	0.09077435850588453
1300000 	0.09077435850588453
1400000 	0.09077435850588453
1500000 	0.09077435850588453
1600000 	0.09077435850588453
1700000 	0.09077435850588453
1800000 	0.09077435850588453
1900000 	0.09077435850588453
2000000 	0.09077435850588453
3000000 	0.09077435850588453
4000000 	0.09077435850588453
5000000 	0.09077435850588453
6000000 	0.09077435850588453
7000000 	0.09077435850588453
8000000 	0.09077435850588453
9000000 	0
10000000 	0
