10 	0.06540723736398109
20 	0.0654191109634827
30 	0.06542946123357828
40 	0.06543828139015151
50 	0.06544580736219244
60 	0.06545687708992456
70 	0.06546315921241416
80 	0.06546895181579236
90 	0.06547409000735945
100 	0.06547902266248047
200 	0.06550907276038312
300 	0.0655201987680183
400 	0.06552478373367793
500 	0.06552625747301284
600 	0.06552680176336267
700 	0.0655270021521501
800 	0.06552707492473832
900 	0.06552710153043843
1000 	0.06552711131885577
2000 	0.06552711729663144
3000 	0.06552711738781287
4000 	0.06552711738781287
5000 	0.06552711738781287
6000 	0.06552711738781287
7000 	0.06552711738781287
8000 	0.06552711738781287
9000 	0.06552711738781287
10000 	0.06552711738781287
11000 	0.06552711738781287
12000 	0.06552711738781287
13000 	0.06552711738781287
14000 	0.06552711738781287
15000 	0.06552711738781287
17500 	0.06552711738781287
20000 	0.06552711738781287
22500 	0.06552711738781287
25000 	0.06552711738781287
30000 	0.06552711738781287
35000 	0.06552711738781287
40000 	0.06552711738781287
45000 	0.06552711738781287
50000 	0.06552711738781287
60000 	0.06552711738781287
70000 	0.06552711738781287
80000 	0.06552711738781287
90000 	0.06552711738781287
100000 	0.06552711738781287
110000 	0.06552711738781287
120000 	0.06552711738781287
130000 	0.06552711738781287
140000 	0.06552711738781287
150000 	0.06552711738781287
160000 	0.06552711738781287
170000 	0.06552711738781287
180000 	0.06552711738781287
190000 	0.06552711738781287
200000 	0.06552711738781287
300000 	0.06552711738781287
400000 	0.06552711738781287
500000 	0.06552711738781287
600000 	0.06552711738781287
700000 	0.06552711738781287
800000 	0.06552711738781287
900000 	0.06552711738781287
1000000 	0.06552711738781287
1100000 	0.06552711738781287
1200000 	0.06552711738781287
1300000 	0.06552711738781287
1400000 	0.06552711738781287
1500000 	0.06552711738781287
1600000 	0.06552711738781287
1700000 	0.06552711738781287
1800000 	0.06552711738781287
1900000 	0.06552711738781287
2000000 	0.06552711738781287
3000000 	0
4000000 	0
5000000 	0
6000000 	0
7000000 	0
8000000 	0
9000000 	0
10000000 	0
