10 	0.05087631973273457
20 	0.050888415229815825
30 	0.050898364551308965
40 	0.05090686237773854
50 	0.05091516096305796
60 	0.050928810637897566
70 	0.05093509520471742
80 	0.050940893511439045
90 	0.05094603685004074
100 	0.050950970330388846
200 	0.0509811743952097
300 	0.050992444959949375
400 	0.05099692128707922
500 	0.05099841487761405
600 	0.05099895685844494
700 	0.05099915574814164
800 	0.05099922859864676
900 	0.05099925543676774
1000 	0.05099926519981578
2000 	0.050999271081609225
3000 	0.05099927114164983
4000 	0.05099927114164983
5000 	0.05099927114164983
6000 	0.05099927114164983
7000 	0.05099927114164983
8000 	0.05099927114164983
9000 	0.05099927114164983
10000 	0.05099927114164983
11000 	0.05099927114164983
12000 	0.05099927114164983
13000 	0.05099927114164983
14000 	0.05099927114164983
15000 	0.05099927114164983
17500 	0.05099927114164983
20000 	0.05099927114164983
22500 	0.05099927114164983
25000 	0.05099927114164983
30000 	0.05099927114164983
35000 	0.05099927114164983
40000 	0.05099927114164983
45000 	0.05099927114164983
50000 	0.05099927114164983
60000 	0.05099927114164983
70000 	0.05099927114164983
80000 	0.05099927114164983
90000 	0.05099927114164983
100000 	0.05099927114164983
110000 	0.05099927114164983
120000 	0.05099927114164983
130000 	0.05099927114164983
140000 	0.05099927114164983
150000 	0.05099927114164983
160000 	0.05099927114164983
170000 	0.05099927114164983
180000 	0.05099927114164983
190000 	0.05099927114164983
200000 	0.05099927114164983
300000 	0.05099927114164983
400000 	0.05099927114164983
500000 	0.05099927114164983
600000 	0.05099927114164983
700000 	0.05099927114164983
800000 	0.05099927114164983
900000 	0.05099927114164983
1000000 	0.05099927114164983
1100000 	0.05099927114164983
1200000 	0.05099927114164983
1300000 	0.05099927114164983
1400000 	0.05099927114164983
1500000 	0.05099927114164983
1600000 	0.05099927114164983
1700000 	0.05099927114164983
1800000 	0.05099927114164983
1900000 	0.05099927114164983
2000000 	0.05099927114164983
3000000 	0.05099927114164983
4000000 	0.05099927114164983
5000000 	0.05099927114164983
6000000 	0.05099927114164983
7000000 	0.05099927114164983
8000000 	0.05099927114164983
9000000 	0.05099927114164983
10000000 	0
