10 	0.015465252239924853
20 	0.015477094720676576
30 	0.0154872277835116
40 	0.015496057786781621
50 	0.015504919604329204
60 	0.01551651727137614
70 	0.015524031883378987
80 	0.015530612425598594
90 	0.01553656476471177
100 	0.015541676335700083
200 	0.015573064850344221
300 	0.01558457984454391
400 	0.01558879208584822
500 	0.015590325325580868
600 	0.015590886028519801
700 	0.015591091211271007
800 	0.015591174605327307
900 	0.015591202760476722
1000 	0.01559121300688606
2000 	0.015591218956239153
3000 	0.015591218984336916
4000 	0.015591218984336916
5000 	0.015591218984336916
6000 	0.015591218984336916
7000 	0.015591218984336916
8000 	0.015591218984336916
9000 	0.015591218984336916
10000 	0.015591218984336916
11000 	0.015591218984336916
12000 	0.015591218984336916
13000 	0.015591218984336916
14000 	0.015591218984336916
15000 	0.015591218984336916
17500 	0.015591218984336916
20000 	0.015591218984336916
22500 	0.015591218984336916
25000 	0.015591218984336916
30000 	0.015591218984336916
35000 	0.015591218984336916
40000 	0.015591218984336916
45000 	0.015591218984336916
50000 	0.015591218984336916
60000 	0.015591218984336916
70000 	0.015591218984336916
80000 	0.015591218984336916
90000 	0.015591218984336916
100000 	0.015591218984336916
110000 	0.015591218984336916
120000 	0.015591218984336916
130000 	0.015591218984336916
140000 	0.015591218984336916
150000 	0.015591218984336916
160000 	0.015591218984336916
170000 	0.015591218984336916
180000 	0.015591218984336916
190000 	0.015591218984336916
200000 	0.015591218984336916
300000 	0.015591218984336916
400000 	0.015591218984336916
500000 	0.015591218984336916
600000 	0.015591218984336916
700000 	0.015591218984336916
800000 	0.015591218984336916
900000 	0.015591218984336916
1000000 	0.015591218984336916
1100000 	0.015591218984336916
1200000 	0.015591218984336916
1300000 	0
1400000 	0
1500000 	0
1600000 	0
1700000 	0
1800000 	0
1900000 	0
2000000 	0
3000000 	0
4000000 	0
5000000 	0
6000000 	0
7000000 	0
8000000 	0
9000000 	0
10000000 	0
