10 	0.022025710354796686
20 	0.022039034497959336
30 	0.022049751972150186
40 	0.022059098879877847
50 	0.022067550615371294
60 	0.022084474931859513
70 	0.02209138884299569
80 	0.022097522707310698
90 	0.022103073118247236
100 	0.02210934609196231
200 	0.022141997591259652
300 	0.022153715572279457
400 	0.022159238443142232
500 	0.02216087923105249
600 	0.022161444732572474
700 	0.0221616524368979
800 	0.022161728408211612
900 	0.022161756647546535
1000 	0.0221617670455464
2000 	0.02216177333349204
3000 	0.02216177337554979
4000 	0.02216177337554979
5000 	0.02216177337554979
6000 	0.02216177337554979
7000 	0.02216177337554979
8000 	0.02216177337554979
9000 	0.02216177337554979
10000 	0.02216177337554979
11000 	0.02216177337554979
12000 	0.02216177337554979
13000 	0.02216177337554979
14000 	0.02216177337554979
15000 	0.02216177337554979
17500 	0.02216177337554979
20000 	0.02216177337554979
22500 	0.02216177337554979
25000 	0.02216177337554979
30000 	0.02216177337554979
35000 	0.02216177337554979
40000 	0.02216177337554979
45000 	0.02216177337554979
50000 	0.02216177337554979
60000 	0.02216177337554979
70000 	0.02216177337554979
80000 	0.02216177337554979
90000 	0.02216177337554979
100000 	0.02216177337554979
110000 	0.02216177337554979
120000 	0.02216177337554979
130000 	0.02216177337554979
140000 	0.02216177337554979
150000 	0.02216177337554979
160000 	0.02216177337554979
170000 	0.02216177337554979
180000 	0.02216177337554979
190000 	0.02216177337554979
200000 	0.02216177337554979
300000 	0.02216177337554979
400000 	0.02216177337554979
500000 	0.02216177337554979
600000 	0.02216177337554979
700000 	0.02216177337554979
800000 	0.02216177337554979
900000 	0.02216177337554979
1000000 	0.02216177337554979
1100000 	0.02216177337554979
1200000 	0.02216177337554979
1300000 	0
1400000 	0
1500000 	0
1600000 	0
1700000 	0
1800000 	0
1900000 	0
2000000 	0
3000000 	0
4000000 	0
5000000 	0
6000000 	0
7000000 	0
8000000 	0
9000000 	0
10000000 	0
