10 	0.003007390658112495
20 	0.0030202772176060218
30 	0.00303023927982925
40 	0.003038906685297771
50 	0.003046894112227252
60 	0.003057117989462585
70 	0.003063401390515277
80 	0.0030691974514914177
90 	0.003074440135820944
100 	0.0030795562218947923
200 	0.0031113480578416736
300 	0.003123467941221338
400 	0.0031280598577948515
500 	0.003129581440953312
600 	0.003130135295718401
700 	0.003130337885142172
800 	0.0031304113332861587
900 	0.003130438596496776
1000 	0.003130448421754912
2000 	0.0031304544552976823
3000 	0.0031304544606328985
4000 	0.003130454460632899
5000 	0.003130454460632899
6000 	0.003130454460632899
7000 	0.003130454460632899
8000 	0.003130454460632899
9000 	0.003130454460632899
10000 	0.003130454460632899
11000 	0.003130454460632899
12000 	0.003130454460632899
13000 	0.003130454460632899
14000 	0.003130454460632899
15000 	0.003130454460632899
17500 	0.003130454460632899
20000 	0.003130454460632899
22500 	0.003130454460632899
25000 	0.003130454460632899
30000 	0.003130454460632899
35000 	0.003130454460632899
40000 	0.003130454460632899
45000 	0.003130454460632899
50000 	0.003130454460632899
60000 	0.003130454460632899
70000 	0.003130454460632899
80000 	0.003130454460632899
90000 	0.003130454460632899
100000 	0.003130454460632899
110000 	0
120000 	0
130000 	0
140000 	0
150000 	0
160000 	0
170000 	0
180000 	0
190000 	0
200000 	0
300000 	0
400000 	0
500000 	0
600000 	0
700000 	0
800000 	0
900000 	0
1000000 	0
1100000 	0
1200000 	0
1300000 	0
1400000 	0
1500000 	0
1600000 	0
1700000 	0
1800000 	0
1900000 	0
2000000 	0
3000000 	0
4000000 	0
5000000 	0
6000000 	0
