10 	0.004075829018106213
20 	0.004087263422559909
30 	0.0040974149619248616
40 	0.0041069011664683075
50 	0.004115046493740965
60 	0.0041251275687362934
70 	0.004131780753139179
80 	0.004137922518826213
90 	0.004143469885596364
100 	0.004148666852713175
200 	0.004179979962479559
300 	0.004192206252835979
400 	0.004196593420000366
500 	0.004198112048338078
600 	0.004198673741492674
700 	0.00419887835858228
800 	0.0041989534725264885
900 	0.00419898082699287
1000 	0.004198991215298887
2000 	0.004198997199319175
3000 	0.004198997206774954
4000 	0.004198997206774954
5000 	0.004198997206774954
6000 	0.004198997206774954
7000 	0.004198997206774954
8000 	0.004198997206774954
9000 	0.004198997206774954
10000 	0.004198997206774954
11000 	0.004198997206774954
12000 	0.004198997206774954
13000 	0.004198997206774954
14000 	0.004198997206774954
15000 	0.004198997206774954
17500 	0.004198997206774954
20000 	0.004198997206774954
22500 	0.004198997206774954
25000 	0.004198997206774954
30000 	0.004198997206774954
35000 	0.004198997206774954
40000 	0.004198997206774954
45000 	0.004198997206774954
50000 	0.004198997206774954
60000 	0.004198997206774954
70000 	0.004198997206774954
80000 	0.004198997206774954
90000 	0.004198997206774954
100000 	0.004198997206774954
110000 	0
120000 	0
130000 	0
140000 	0
150000 	0
160000 	0
170000 	0
180000 	0
190000 	0
200000 	0
300000 	0
400000 	0
500000 	0
600000 	0
700000 	0
800000 	0
900000 	0
1000000 	0
1100000 	0
1200000 	0
1300000 	0
1400000 	0
1500000 	0
1600000 	0
1700000 	0
1800000 	0
1900000 	0
2000000 	0
3000000 	0
4000000 	0
5000000 	0
6000000 	0
