10 	0.030845006400259833
20 	0.030857089385725078
30 	0.030866847621625684
40 	0.030875692909025157
50 	0.030883531632554594
60 	0.030897611031814314
70 	0.030903898168675104
80 	0.030909696475396726
90 	0.030914839813998413
100 	0.03091976870556423
200 	0.03095116872600378
300 	0.030962291168847546
400 	0.03096633593322902
500 	0.030967813134849045
600 	0.030968354343332803
700 	0.030968554068874603
800 	0.03096862686548867
900 	0.030968653319240043
1000 	0.030968663516720556
2000 	0.03096866921516947
3000 	0.03096866928256696
4000 	0.03096866928256696
5000 	0.03096866928256696
6000 	0.03096866928256696
7000 	0.03096866928256696
8000 	0.03096866928256696
9000 	0.03096866928256696
10000 	0.03096866928256696
11000 	0.03096866928256696
12000 	0.03096866928256696
13000 	0.03096866928256696
14000 	0.03096866928256696
15000 	0.03096866928256696
17500 	0.03096866928256696
20000 	0.03096866928256696
22500 	0.03096866928256696
25000 	0.03096866928256696
30000 	0.03096866928256696
35000 	0.03096866928256696
40000 	0.03096866928256696
45000 	0.03096866928256696
50000 	0.03096866928256696
60000 	0.03096866928256696
70000 	0.03096866928256696
80000 	0.03096866928256696
90000 	0.03096866928256696
100000 	0.03096866928256696
110000 	0.03096866928256696
120000 	0.03096866928256696
130000 	0.03096866928256696
140000 	0.03096866928256696
150000 	0.03096866928256696
160000 	0.03096866928256696
170000 	0.03096866928256696
180000 	0.03096866928256696
190000 	0.03096866928256696
200000 	0.03096866928256696
300000 	0.03096866928256696
400000 	0.03096866928256696
500000 	0.03096866928256696
600000 	0.03096866928256696
700000 	0.03096866928256696
800000 	0.03096866928256696
900000 	0.03096866928256696
1000000 	0.03096866928256696
1100000 	0.03096866928256696
1200000 	0.03096866928256696
1300000 	0.03096866928256696
1400000 	0.03096866928256696
1500000 	0.03096866928256696
1600000 	0.03096866928256696
1700000 	0.03096866928256696
1800000 	0.03096866928256696
1900000 	0.03096866928256696
2000000 	0.03096866928256696
3000000 	0.03096866928256696
4000000 	0.03096866928256696
5000000 	0.03096866928256696
6000000 	0.03096866928256696
7000000 	0.03096866928256696
8000000 	0.03096866928256696
9000000 	0.03096866928256696
10000000 	0
