10 	0.003093340148286206
20 	0.003105592574829456
30 	0.0031155400435437953
40 	0.0031245111913919036
50 	0.0031321845189143456
60 	0.0031418412485335477
70 	0.003148369081617966
80 	0.003154043821551523
90 	0.003159179019398472
100 	0.0031641060099040458
200 	0.0031950467129712684
300 	0.00320649722506911
400 	0.0032107047532894477
500 	0.00321229296377835
600 	0.0032128523720540932
700 	0.0032130544173471207
800 	0.003213128720521267
900 	0.003213155895609036
1000 	0.0032131658554938433
2000 	0.0032131716600799264
3000 	0.003213171665777032
4000 	0.003213171665777032
5000 	0.003213171665777032
6000 	0.003213171665777032
7000 	0.003213171665777032
8000 	0.003213171665777032
9000 	0.003213171665777032
10000 	0.003213171665777032
11000 	0.003213171665777032
12000 	0.003213171665777032
13000 	0.003213171665777032
14000 	0.003213171665777032
15000 	0.003213171665777032
17500 	0.003213171665777032
20000 	0.003213171665777032
22500 	0.003213171665777032
25000 	0.003213171665777032
30000 	0.003213171665777032
35000 	0.003213171665777032
40000 	0.003213171665777032
45000 	0.003213171665777032
50000 	0.003213171665777032
60000 	0.003213171665777032
70000 	0.003213171665777032
80000 	0.003213171665777032
90000 	0.003213171665777032
100000 	0.003213171665777032
110000 	0
120000 	0
130000 	0
140000 	0
150000 	0
160000 	0
170000 	0
180000 	0
190000 	0
200000 	0
300000 	0
400000 	0
500000 	0
600000 	0
700000 	0
800000 	0
900000 	0
1000000 	0
1100000 	0
1200000 	0
1300000 	0
1400000 	0
1500000 	0
1600000 	0
1700000 	0
1800000 	0
1900000 	0
2000000 	0
3000000 	0
4000000 	0
5000000 	0
6000000 	0
