10 	0.030378837147420647
20 	0.030390499208516383
30 	0.03040065625506875
40 	0.03040949150938893
50 	0.03041733312841814
60 	0.030428836585936928
70 	0.030435496085704606
80 	0.03044151430670967
90 	0.03044666163352517
100 	0.03045168600763826
200 	0.03048281323543448
300 	0.03049402513619574
400 	0.030498332339074112
500 	0.03049990091151213
600 	0.03050044845802749
700 	0.03050065119640302
800 	0.03050072399160151
900 	0.030500750779527398
1000 	0.030500760584083967
2000 	0.03050076633280027
3000 	0.03050076640517126
4000 	0.03050076640517126
5000 	0.03050076640517126
6000 	0.03050076640517126
7000 	0.03050076640517126
8000 	0.03050076640517126
9000 	0.03050076640517126
10000 	0.03050076640517126
11000 	0.03050076640517126
12000 	0.03050076640517126
13000 	0.03050076640517126
14000 	0.03050076640517126
15000 	0.03050076640517126
17500 	0.03050076640517126
20000 	0.03050076640517126
22500 	0.03050076640517126
25000 	0.03050076640517126
30000 	0.03050076640517126
35000 	0.03050076640517126
40000 	0.03050076640517126
45000 	0.03050076640517126
50000 	0.03050076640517126
60000 	0.03050076640517126
70000 	0.03050076640517126
80000 	0.03050076640517126
90000 	0.03050076640517126
100000 	0.03050076640517126
110000 	0.03050076640517126
120000 	0.03050076640517126
130000 	0.03050076640517126
140000 	0.03050076640517126
150000 	0.03050076640517126
160000 	0.03050076640517126
170000 	0.03050076640517126
180000 	0.03050076640517126
190000 	0.03050076640517126
200000 	0.03050076640517126
300000 	0.03050076640517126
400000 	0.03050076640517126
500000 	0.03050076640517126
600000 	0.03050076640517126
700000 	0.03050076640517126
800000 	0.03050076640517126
900000 	0.03050076640517126
1000000 	0.03050076640517126
1100000 	0.03050076640517126
1200000 	0.03050076640517126
1300000 	0.03050076640517126
1400000 	0.03050076640517126
1500000 	0.03050076640517126
1600000 	0.03050076640517126
1700000 	0.03050076640517126
1800000 	0.03050076640517126
1900000 	0.03050076640517126
2000000 	0.03050076640517126
3000000 	0.03050076640517126
4000000 	0
5000000 	0
6000000 	0
7000000 	0
8000000 	0
9000000 	0
10000000 	0
