10 	0.0698374109187764
20 	0.06984993104644911
30 	0.06985933663953742
40 	0.06986817203042707
50 	0.06987585435522992
60 	0.06989164339043302
70 	0.06989792429702185
80 	0.06990372260374346
90 	0.06990875927597863
100 	0.0699135972819382
200 	0.06994369475503001
300 	0.06995467295799979
400 	0.06995897792037807
500 	0.0699604696185365
600 	0.06996100994071221
700 	0.06996120946811346
800 	0.0699612815100092
900 	0.06996130804663289
1000 	0.0699613182553089
2000 	0.0699613242730538
3000 	0.06996132435167415
4000 	0.06996132435167415
5000 	0.06996132435167415
6000 	0.06996132435167415
7000 	0.06996132435167415
8000 	0.06996132435167415
9000 	0.06996132435167415
10000 	0.06996132435167415
11000 	0.06996132435167415
12000 	0.06996132435167415
13000 	0.06996132435167415
14000 	0.06996132435167415
15000 	0.06996132435167415
17500 	0.06996132435167415
20000 	0.06996132435167415
22500 	0.06996132435167415
25000 	0.06996132435167415
30000 	0.06996132435167415
35000 	0.06996132435167415
40000 	0.06996132435167415
45000 	0.06996132435167415
50000 	0.06996132435167415
60000 	0.06996132435167415
70000 	0.06996132435167415
80000 	0.06996132435167415
90000 	0.06996132435167415
100000 	0.06996132435167415
110000 	0.06996132435167415
120000 	0.06996132435167415
130000 	0.06996132435167415
140000 	0.06996132435167415
150000 	0.06996132435167415
160000 	0.06996132435167415
170000 	0.06996132435167415
180000 	0.06996132435167415
190000 	0.06996132435167415
200000 	0.06996132435167415
300000 	0.06996132435167415
400000 	0.06996132435167415
500000 	0.06996132435167415
600000 	0.06996132435167415
700000 	0.06996132435167415
800000 	0.06996132435167415
900000 	0.06996132435167415
1000000 	0.06996132435167415
1100000 	0.06996132435167415
1200000 	0.06996132435167415
1300000 	0.06996132435167415
1400000 	0.06996132435167415
1500000 	0.06996132435167415
1600000 	0.06996132435167415
1700000 	0.06996132435167415
1800000 	0.06996132435167415
1900000 	0.06996132435167415
2000000 	0.06996132435167415
3000000 	0.06996132435167415
4000000 	0.06996132435167415
5000000 	0.06996132435167415
6000000 	0.06996132435167415
7000000 	0.06996132435167415
8000000 	0.06996132435167415
9000000 	0.06996132435167415
10000000 	0
