10 	0.012502820509401288
20 	0.012514060053211805
30 	0.012523829435604856
40 	0.0125323238563966
50 	0.012540159543905569
60 	0.012551389843341343
70 	0.012557791286419406
80 	0.01256336046135663
90 	0.012568710981430382
100 	0.012573635264469127
200 	0.012603808058989072
300 	0.012614977555786097
400 	0.012619061133881284
500 	0.01262055527073721
600 	0.012621136844148017
700 	0.012621337431269164
800 	0.012621410661620652
900 	0.012621437346614015
1000 	0.012621447057646765
2000 	0.012621452717706332
3000 	0.012621452736267693
4000 	0.012621452736267693
5000 	0.012621452736267693
6000 	0.012621452736267693
7000 	0.012621452736267693
8000 	0.012621452736267693
9000 	0.012621452736267693
10000 	0.012621452736267693
11000 	0.012621452736267693
12000 	0.012621452736267693
13000 	0.012621452736267693
14000 	0.012621452736267693
15000 	0.012621452736267693
17500 	0.012621452736267693
20000 	0.012621452736267693
22500 	0.012621452736267693
25000 	0.012621452736267693
30000 	0.012621452736267693
35000 	0.012621452736267693
40000 	0.012621452736267693
45000 	0.012621452736267693
50000 	0.012621452736267693
60000 	0.012621452736267693
70000 	0.012621452736267693
80000 	0.012621452736267693
90000 	0.012621452736267693
100000 	0.012621452736267693
110000 	0.012621452736267693
120000 	0.012621452736267693
130000 	0.012621452736267693
140000 	0.012621452736267693
150000 	0.012621452736267693
160000 	0.012621452736267693
170000 	0.012621452736267693
180000 	0.012621452736267693
190000 	0.012621452736267693
200000 	0.012621452736267693
300000 	0.012621452736267693
400000 	0.012621452736267693
500000 	0.012621452736267693
600000 	0.012621452736267693
700000 	0.012621452736267693
800000 	0.012621452736267693
900000 	0.012621452736267693
1000000 	0.012621452736267693
1100000 	0
1200000 	0
1300000 	0
1400000 	0
1500000 	0
1600000 	0
1700000 	0
1800000 	0
1900000 	0
2000000 	0
3000000 	0
4000000 	0
5000000 	0
6000000 	0
7000000 	0
8000000 	0
9000000 	0
10000000 	0
