10 	0.2911403665430942
20 	0.2911711055775357
30 	0.2911962382214219
40 	0.29121722227732205
50 	0.29123634069294757
60 	0.29126335549977433
70 	0.2912785177700305
80 	0.29129267440517576
90 	0.2913055799585609
100 	0.2913174435906821
200 	0.29139168376521274
300 	0.2914213680797636
400 	0.29143140386306815
500 	0.29143505474524567
600 	0.29143644796800905
700 	0.2914369404580989
800 	0.29143712908303443
900 	0.2914371953017557
1000 	0.2914372193948781
2000 	0.2914372333392607
3000 	0.2914372335619548
4000 	0.2914372335619548
5000 	0.2914372335619548
6000 	0.2914372335619548
7000 	0.2914372335619548
8000 	0.2914372335619548
9000 	0.2914372335619548
10000 	0.2914372335619548
11000 	0.2914372335619548
12000 	0.2914372335619548
13000 	0.2914372335619548
14000 	0.2914372335619548
15000 	0.2914372335619548
17500 	0.2914372335619548
20000 	0.2914372335619548
22500 	0.2914372335619548
25000 	0.2914372335619548
30000 	0.2914372335619548
35000 	0.2914372335619548
40000 	0.2914372335619548
45000 	0.2914372335619548
50000 	0.2914372335619548
60000 	0.2914372335619548
70000 	0.2914372335619548
80000 	0.2914372335619548
90000 	0.2914372335619548
100000 	0.2914372335619548
110000 	0.2914372335619548
120000 	0.2914372335619548
130000 	0.2914372335619548
140000 	0.2914372335619548
150000 	0.2914372335619548
160000 	0.2914372335619548
170000 	0.2914372335619548
180000 	0.2914372335619548
190000 	0.2914372335619548
200000 	0.2914372335619548
300000 	0.2914372335619548
400000 	0.2914372335619548
500000 	0.2914372335619548
600000 	0.2914372335619548
700000 	0.2914372335619548
800000 	0.2914372335619548
900000 	0.2914372335619548
1000000 	0.2914372335619548
1100000 	0.2914372335619548
1200000 	0.2914372335619548
1300000 	0.2914372335619548
1400000 	0.2914372335619548
1500000 	0.2914372335619548
1600000 	0.2914372335619548
1700000 	0.2914372335619548
1800000 	0.2914372335619548
1900000 	0.2914372335619548
2000000 	0.2914372335619548
3000000 	0.2914372335619548
4000000 	0.2914372335619548
5000000 	0.2914372335619548
6000000 	0.2914372335619548
7000000 	0.2914372335619548
8000000 	0.2914372335619548
9000000 	0
10000000 	0
