10 	0.11432766914367676
20 	0.11434006690979004
30 	0.11435151100158691
40 	0.11436295509338379
50 	0.11437416076660156
60 	0.11439132690429688
70 	0.11440253257751465
80 	0.11441397666931152
90 	0.1144254207611084
100 	0.11443686485290527
200 	0.11455678939819336
300 	0.11467838287353516
400 	0.11480140686035156
500 	0.11493897438049316
600 	0.11506080627441406
700 	0.11518287658691406
800 	0.11530470848083496
900 	0.11542725563049316
1000 	0.11554884910583496
2000 	0.11677861213684082
3000 	0.27804112434387207
4000 	0.27927613258361816
5000 	0.398958683013916
6000 	0.4001889228820801
7000 	0.5049183368682861
8000 	0.5061535835266113
9000 	0.6307337284088135
10000 	0.632082462310791
11000 	0.7446689605712891
12000 	0.7459230422973633
13000 	0.8604855537414551
14000 	0.8617875576019287
15000 	0.9403512477874756
17500 	1.115553855895996
20000 	1.235518455505371
22500 	1.5602242946624756
25000 	1.6895852088928223
30000 	1.923532247543335
35000 	2.20021653175354
40000 	2.39774751663208
45000 	2.7769415378570557
50000 	2.9976086616516113
60000 	3.6960439682006836
70000 	4.449188470840454
80000 	4.92940878868103
90000 	5.47073221206665
100000 	6.187863111495972
110000 	6.749948978424072
120000 	7.291966676712036
130000 	8.065217971801758
140000 	8.659534931182861
150000 	9.156186580657959
160000 	9.77382755279541
170000 	10.475093364715576
180000 	11.543774366378784
190000 	12.090032815933228
200000 	12.793049573898315
300000 	19.84946870803833
400000 	26.204508066177368
500000 	32.086493253707886
600000 	38.491835832595825
700000 	44.8331663608551
800000 	51.10290217399597
900000 	56.82112526893616
1000000 	63.53803896903992
1100000 	70.67731475830078
1200000 	76.5752387046814
1300000 	83.25288081169128
1400000 	89.79639983177185
1500000 	96.64033842086792
1600000 	103.49164652824402
1700000 	109.95364618301392
1800000 	116.37089538574219
1900000 	122.32016801834106
2000000 	0
3000000 	0
4000000 	0
5000000 	0
6000000 	0
