10 	1.3636441230773926
20 	1.3636581897735596
30 	1.3636703491210938
40 	1.363682746887207
50 	1.3636949062347412
60 	1.3637187480926514
70 	1.3637311458587646
80 	1.3637433052062988
90 	1.3637559413909912
100 	1.3637685775756836
200 	1.3639073371887207
300 	1.364039659500122
400 	1.364170789718628
500 	1.3643019199371338
600 	1.3644325733184814
700 	1.3645639419555664
800 	1.3646948337554932
900 	1.3648273944854736
1000 	1.364964485168457
2000 	1.3662855625152588
3000 	1.4122211933135986
4000 	1.4135472774505615
5000 	1.4639983177185059
6000 	1.4653258323669434
7000 	1.5212962627410889
8000 	1.5226109027862549
9000 	1.5556035041809082
10000 	1.5569229125976562
11000 	1.6036527156829834
12000 	1.6049702167510986
13000 	1.6537716388702393
14000 	1.655092477798462
15000 	1.6888625621795654
17500 	1.7352640628814697
20000 	1.7788400650024414
22500 	1.8809165954589844
25000 	1.9111614227294922
30000 	2.0090558528900146
35000 	2.152010917663574
40000 	2.257114887237549
45000 	2.4114153385162354
50000 	2.5225064754486084
60000 	2.7822458744049072
70000 	3.034813642501831
80000 	3.2572150230407715
90000 	3.513672113418579
100000 	3.7363054752349854
110000 	3.968750476837158
120000 	4.189448595046997
130000 	4.452943563461304
140000 	4.722208738327026
150000 	4.982151508331299
160000 	5.233658313751221
170000 	5.461403846740723
180000 	5.681545257568359
190000 	5.92939019203186
200000 	6.175000429153442
300000 	8.772272109985352
400000 	11.214841842651367
500000 	13.96587324142456
600000 	16.425949573516846
700000 	19.070796251296997
800000 	22.01685643196106
900000 	25.66394877433777
1000000 	28.219081163406372
1100000 	30.849254369735718
1200000 	33.27940630912781
1300000 	38.29049754142761
1400000 	43.53915762901306
1500000 	49.68937134742737
1600000 	53.29720878601074
1700000 	55.75774669647217
1800000 	60.725680351257324
1900000 	67.8233289718628
2000000 	72.22530055046082
3000000 	101.86614537239075
4000000 	141.76567697525024
5000000 	187.4873468875885
6000000 	224.98077511787415
7000000 	253.29446816444397
8000000 	292.1283915042877
9000000 	0
10000000 	0
