10 	1.5090291500091553
20 	1.5090444087982178
30 	1.5090599060058594
40 	1.5090737342834473
50 	1.509087324142456
60 	1.509113073348999
70 	1.509126901626587
80 	1.509143352508545
90 	1.5091567039489746
100 	1.5091712474822998
200 	1.5093250274658203
300 	1.5094690322875977
400 	1.5096137523651123
500 	1.5097544193267822
600 	1.5098960399627686
700 	1.5100395679473877
800 	1.5101816654205322
900 	1.5103394985198975
1000 	1.5104808807373047
2000 	1.5119085311889648
3000 	1.6460740566253662
4000 	1.6475141048431396
5000 	1.773580551147461
6000 	1.775007963180542
7000 	1.9014148712158203
8000 	1.9028491973876953
9000 	2.034681558609009
10000 	2.0361180305480957
11000 	2.1799449920654297
12000 	2.181389808654785
13000 	2.317746877670288
14000 	2.3191885948181152
15000 	2.4578380584716797
17500 	2.594160795211792
20000 	2.7328505516052246
22500 	3.001070022583008
25000 	3.143012046813965
30000 	3.4113049507141113
35000 	3.835761070251465
40000 	4.107203722000122
45000 	4.521115064620972
50000 	4.7876808643341064
60000 	5.4747209548950195
70000 	6.157776594161987
80000 	6.85063910484314
90000 	7.525986433029175
100000 	8.203668355941772
110000 	8.887487411499023
120000 	9.57021450996399
130000 	10.239590883255005
140000 	10.903321504592896
150000 	11.603631019592285
160000 	12.274113178253174
170000 	12.97749638557434
180000 	13.658571481704712
190000 	14.356199979782104
200000 	15.046193599700928
300000 	21.865670680999756
400000 	28.740487337112427
500000 	35.584474325180054
600000 	42.56737184524536
700000 	49.32577586174011
800000 	56.129685401916504
900000 	62.99882411956787
1000000 	69.77107524871826
1100000 	76.66980957984924
1200000 	83.55010104179382
1300000 	90.9021008014679
1400000 	97.73411297798157
1500000 	104.56418871879578
1600000 	111.4362051486969
1700000 	118.25455737113953
1800000 	125.0936689376831
1900000 	131.9485161304474
2000000 	138.76035737991333
3000000 	206.28459668159485
4000000 	240.57002472877502
5000000 	0
6000000 	0
7000000 	0
8000000 	0
9000000 	0
10000000 	0
