10 	1.582273244857788
20 	1.5822880268096924
30 	1.582301378250122
40 	1.5823144912719727
50 	1.5823276042938232
60 	1.5823521614074707
70 	1.582364559173584
80 	1.5823771953582764
90 	1.5823900699615479
100 	1.5824031829833984
200 	1.5825369358062744
300 	1.582681655883789
400 	1.582815408706665
500 	1.582948923110962
600 	1.5830926895141602
700 	1.583226203918457
800 	1.5833587646484375
900 	1.5834987163543701
1000 	1.5836377143859863
2000 	1.5849733352661133
3000 	1.7764620780944824
4000 	1.7778127193450928
5000 	1.9502873420715332
6000 	1.953321933746338
7000 	2.159177303314209
8000 	2.1624562740325928
9000 	2.293207883834839
10000 	2.2964835166931152
11000 	2.3985259532928467
12000 	2.401851177215576
13000 	2.5218892097473145
14000 	2.525172710418701
15000 	2.5989818572998047
17500 	2.6748743057250977
20000 	2.755920648574829
22500 	2.9247446060180664
25000 	3.007105588912964
30000 	3.1583445072174072
35000 	3.4359631538391113
40000 	3.723828077316284
45000 	4.1629133224487305
50000 	4.509227752685547
60000 	5.024412155151367
70000 	5.5370774269104
80000 	5.928541421890259
90000 	6.231648206710815
100000 	6.449967384338379
110000 	6.652905225753784
120000 	6.859082937240601
130000 	7.073163747787476
140000 	7.292332172393799
150000 	7.518008232116699
160000 	7.722814559936523
170000 	7.943308115005493
180000 	8.163424491882324
190000 	8.386364698410034
200000 	8.61415982246399
300000 	11.206140041351318
400000 	15.922340869903564
500000 	19.353742122650146
600000 	23.103172540664673
700000 	25.304165840148926
800000 	27.421185731887817
900000 	29.718570470809937
1000000 	31.854913473129272
1100000 	34.00510120391846
1200000 	36.1555335521698
1300000 	38.301708698272705
1400000 	40.49151396751404
1500000 	42.6028254032135
1600000 	44.72249960899353
1700000 	47.008126974105835
1800000 	50.540366888046265
1900000 	53.82480263710022
2000000 	56.36461853981018
3000000 	85.30176424980164
4000000 	0
5000000 	0
6000000 	0
7000000 	0
8000000 	0
9000000 	0
10000000 	0
