10 	0.4397714138031006
20 	0.4397869110107422
30 	0.4398002624511719
40 	0.43981337547302246
50 	0.43982625007629395
60 	0.4398517608642578
70 	0.4398643970489502
80 	0.43988633155822754
90 	0.4398987293243408
100 	0.4399120807647705
200 	0.44005870819091797
300 	0.4402046203613281
400 	0.44034886360168457
500 	0.4404926300048828
600 	0.44063687324523926
700 	0.4407784938812256
800 	0.44092607498168945
900 	0.44107961654663086
1000 	0.4412236213684082
2000 	0.4426696300506592
3000 	0.5363805294036865
4000 	0.5378251075744629
5000 	0.6123354434967041
6000 	0.614621639251709
7000 	0.713421106338501
8000 	0.7148845195770264
9000 	0.7899270057678223
10000 	0.7913672924041748
11000 	0.8806753158569336
12000 	0.8821721076965332
13000 	0.9659311771392822
14000 	0.9673724174499512
15000 	1.0504319667816162
17500 	1.149986982345581
20000 	1.2485427856445312
22500 	1.4313969612121582
25000 	1.5060513019561768
30000 	1.6721584796905518
35000 	1.9234378337860107
40000 	2.1193227767944336
45000 	2.3827602863311768
50000 	2.5372660160064697
60000 	2.962728977203369
70000 	3.3173625469207764
80000 	3.6905040740966797
90000 	4.061136484146118
100000 	4.4224982261657715
110000 	4.821972370147705
120000 	5.208179712295532
130000 	5.5949485301971436
140000 	5.965937376022339
150000 	6.3378565311431885
160000 	6.739268779754639
170000 	7.142153263092041
180000 	7.552484512329102
190000 	7.959287405014038
200000 	8.32982087135315
300000 	12.209846019744873
400000 	16.264475107192993
500000 	20.28472900390625
600000 	24.323230743408203
700000 	28.360374689102173
800000 	32.289857625961304
900000 	36.22870230674744
1000000 	40.25025296211243
1100000 	44.19179058074951
1200000 	48.10394597053528
1300000 	51.99527931213379
1400000 	56.05981993675232
1500000 	60.11623001098633
1600000 	63.808128118515015
1700000 	67.289067029953
1800000 	70.89236164093018
1900000 	74.42746949195862
2000000 	78.33577299118042
3000000 	117.73311281204224
4000000 	162.4174840450287
5000000 	0
6000000 	0
7000000 	0
8000000 	0
9000000 	0
10000000 	0
