10 	1.3480689525604248
20 	1.348083257675171
30 	1.3480956554412842
40 	1.3481082916259766
50 	1.3481206893920898
60 	1.34814453125
70 	1.3481566905975342
80 	1.3481698036193848
90 	1.3481824398040771
100 	1.3481950759887695
200 	1.3483257293701172
300 	1.348456621170044
400 	1.348588466644287
500 	1.3487286567687988
600 	1.3488593101501465
700 	1.3489902019500732
800 	1.34912109375
900 	1.349252462387085
1000 	1.3493831157684326
2000 	1.3507187366485596
3000 	1.3988311290740967
4000 	1.400148868560791
5000 	1.4491689205169678
6000 	1.4504854679107666
7000 	1.4931538105010986
8000 	1.494469165802002
9000 	1.5383780002593994
10000 	1.5397286415100098
11000 	1.6046338081359863
12000 	1.6059660911560059
13000 	1.6529159545898438
14000 	1.6542465686798096
15000 	1.7067575454711914
17500 	1.756220817565918
20000 	1.8025636672973633
22500 	1.918891429901123
25000 	1.9727985858917236
30000 	2.0701844692230225
35000 	2.2421910762786865
40000 	2.348660469055176
45000 	2.5068321228027344
50000 	2.5935821533203125
60000 	2.8515055179595947
70000 	3.1263926029205322
80000 	3.38223934173584
90000 	3.644942283630371
100000 	3.909101724624634
110000 	4.206760406494141
120000 	4.460622310638428
130000 	4.71906304359436
140000 	4.9893388748168945
150000 	5.281947374343872
160000 	5.549771547317505
170000 	5.776416063308716
180000 	6.049161672592163
190000 	6.3065855503082275
200000 	6.554853200912476
300000 	9.2036874294281
400000 	11.979849100112915
500000 	14.643804550170898
600000 	17.409000635147095
700000 	20.130632638931274
800000 	22.74505352973938
900000 	25.4880313873291
1000000 	28.07422399520874
1100000 	30.77479314804077
1200000 	33.37256932258606
1300000 	35.95406150817871
1400000 	39.03755164146423
1500000 	42.42553234100342
1600000 	45.11955261230469
1700000 	47.93151521682739
1800000 	50.60391092300415
1900000 	53.267186880111694
2000000 	56.18261528015137
3000000 	88.55666303634644
4000000 	130.6223418712616
5000000 	181.1414475440979
6000000 	216.82060384750366
7000000 	243.536527633667
8000000 	296.243328332901
9000000 	344.85690927505493
10000000 	0
