10 	0.44124627113342285
20 	0.44127845764160156
30 	0.44129228591918945
40 	0.44130587577819824
50 	0.44131970405578613
60 	0.4413471221923828
70 	0.4413611888885498
80 	0.4413752555847168
90 	0.4413895606994629
100 	0.4414031505584717
200 	0.44155025482177734
300 	0.4416947364807129
400 	0.44183826446533203
500 	0.4419822692871094
600 	0.4421238899230957
700 	0.4422726631164551
800 	0.4424147605895996
900 	0.44255781173706055
1000 	0.4427008628845215
2000 	0.444124698638916
3000 	0.4708406925201416
4000 	0.47228169441223145
5000 	0.49863171577453613
6000 	0.5000572204589844
7000 	0.5268449783325195
8000 	0.5282847881317139
9000 	0.5551519393920898
10000 	0.556736946105957
11000 	0.5846655368804932
12000 	0.5860953330993652
13000 	0.6133062839508057
14000 	0.6147804260253906
15000 	0.6390998363494873
17500 	0.6686050891876221
20000 	0.6963634490966797
22500 	0.750554084777832
25000 	0.782538890838623
30000 	0.8400025367736816
35000 	0.9229145050048828
40000 	0.9813389778137207
45000 	1.0630993843078613
50000 	1.123645305633545
60000 	1.2617237567901611
70000 	1.4026153087615967
80000 	1.541128396987915
90000 	1.6805939674377441
100000 	1.822737693786621
110000 	1.9689013957977295
120000 	2.1135504245758057
130000 	2.2561748027801514
140000 	2.400353193283081
150000 	2.542297601699829
160000 	2.6838459968566895
170000 	2.8296494483947754
180000 	2.9695842266082764
190000 	3.1138384342193604
200000 	3.2543282508850098
300000 	4.672919988632202
400000 	6.0973265171051025
500000 	7.505816459655762
600000 	8.939954042434692
700000 	10.353074789047241
800000 	11.769152641296387
900000 	13.205076456069946
1000000 	14.645946502685547
1100000 	16.06573486328125
1200000 	17.485913038253784
1300000 	0
1400000 	0
1500000 	0
1600000 	0
1700000 	0
1800000 	0
1900000 	0
2000000 	0
3000000 	0
4000000 	0
5000000 	0
6000000 	0
7000000 	0
8000000 	0
9000000 	0
10000000 	0
