10 	1.6320743560791016
20 	1.6320998668670654
30 	1.6321234703063965
40 	1.6321465969085693
50 	1.632169485092163
60 	1.6322104930877686
70 	1.6322338581085205
80 	1.6322569847106934
90 	1.6322803497314453
100 	1.6323044300079346
200 	1.6325507164001465
300 	1.6328153610229492
400 	1.6330692768096924
500 	1.6333057880401611
600 	1.6335639953613281
700 	1.6338186264038086
800 	1.6340701580047607
900 	1.6343271732330322
1000 	1.6345882415771484
2000 	1.6369080543518066
3000 	1.6836638450622559
4000 	1.6862568855285645
5000 	1.728581190109253
6000 	1.7298915386199951
7000 	1.7979936599731445
8000 	1.7993113994598389
9000 	1.8686153888702393
10000 	1.8699262142181396
11000 	1.9241197109222412
12000 	1.9254381656646729
13000 	1.9814770221710205
14000 	1.9839632511138916
15000 	2.0374884605407715
17500 	2.1147093772888184
20000 	2.178147077560425
22500 	2.4314675331115723
25000 	2.5506997108459473
30000 	2.6981916427612305
35000 	2.8482091426849365
40000 	2.925644636154175
45000 	3.1208629608154297
50000 	3.338149309158325
60000 	3.901447057723999
70000 	4.281916618347168
80000 	4.632955074310303
90000 	5.030219793319702
100000 	5.449587821960449
110000 	5.788914203643799
120000 	6.152047872543335
130000 	6.520591735839844
140000 	6.901439428329468
150000 	7.294313430786133
160000 	7.651659250259399
170000 	8.053724527359009
180000 	8.539054155349731
190000 	8.98105764389038
200000 	9.42715573310852
300000 	14.122196674346924
400000 	16.08826494216919
500000 	0
600000 	0
700000 	0
800000 	0
900000 	0
1000000 	0
1100000 	0
1200000 	0
1300000 	0
1400000 	0
1500000 	0
1600000 	0
1700000 	0
1800000 	0
1900000 	0
2000000 	0
3000000 	0
4000000 	0
5000000 	0
6000000 	0
7000000 	0
8000000 	0
9000000 	0
10000000 	0
