10 	0.2528412342071533
20 	0.2528555393218994
30 	0.2528681755065918
40 	0.2528815269470215
50 	0.25289416313171387
60 	0.25292038917541504
70 	0.2529330253601074
80 	0.2529451847076416
90 	0.252957820892334
100 	0.25297021865844727
200 	0.2531013488769531
300 	0.2532329559326172
400 	0.25336647033691406
500 	0.25349903106689453
600 	0.25363993644714355
700 	0.25377368927001953
800 	0.2539057731628418
900 	0.25403785705566406
1000 	0.2541694641113281
2000 	0.2555093765258789
3000 	0.2698380947113037
4000 	0.27117180824279785
5000 	0.2852134704589844
6000 	0.2865426540374756
7000 	0.29961466789245605
8000 	0.30094432830810547
9000 	0.31401610374450684
10000 	0.31535792350769043
11000 	0.3284769058227539
12000 	0.329819917678833
13000 	0.34297776222229004
14000 	0.3443136215209961
15000 	0.3596463203430176
17500 	0.3744692802429199
20000 	0.38933229446411133
22500 	0.4169614315032959
25000 	0.43157505989074707
30000 	0.463665246963501
35000 	0.5082743167877197
40000 	0.5393731594085693
45000 	0.582878828048706
50000 	0.6143007278442383
60000 	0.6872971057891846
70000 	0.7642216682434082
80000 	0.8397157192230225
90000 	0.913447380065918
100000 	0.9949367046356201
110000 	1.0691196918487549
120000 	1.1522974967956543
130000 	1.224790334701538
140000 	1.2989301681518555
150000 	1.3770959377288818
160000 	1.4526512622833252
170000 	1.5299530029296875
180000 	1.6066644191741943
190000 	1.6854112148284912
200000 	1.7561159133911133
300000 	2.512023687362671
400000 	3.2642264366149902
500000 	4.017346382141113
600000 	4.773621559143066
700000 	6.105579137802124
800000 	7.049494504928589
900000 	7.825603008270264
1000000 	8.615416288375854
1100000 	0
1200000 	0
1300000 	0
1400000 	0
1500000 	0
1600000 	0
1700000 	0
1800000 	0
1900000 	0
2000000 	0
3000000 	0
4000000 	0
5000000 	0
6000000 	0
7000000 	0
8000000 	0
9000000 	0
10000000 	0
