10 	1.6987266540527344
20 	1.6987404823303223
30 	1.6987531185150146
40 	1.698765754699707
50 	1.6987783908843994
60 	1.6988024711608887
70 	1.698815107345581
80 	1.6988272666931152
90 	1.6988396644592285
100 	1.6988518238067627
200 	1.6989836692810059
300 	1.6991171836853027
400 	1.6992642879486084
500 	1.6993963718414307
600 	1.6995353698730469
700 	1.699666976928711
800 	1.6997978687286377
900 	1.6999294757843018
1000 	1.7000598907470703
2000 	1.7014153003692627
3000 	1.7747225761413574
4000 	1.7760486602783203
5000 	1.8510310649871826
6000 	1.8523690700531006
7000 	1.9579317569732666
8000 	1.9592540264129639
9000 	2.068545341491699
10000 	2.069864273071289
11000 	2.19704008102417
12000 	2.1983706951141357
13000 	2.2735066413879395
14000 	2.2748425006866455
15000 	2.4150073528289795
17500 	2.5476038455963135
20000 	2.662445306777954
22500 	2.9528980255126953
25000 	3.068567991256714
30000 	3.393956422805786
35000 	3.7088911533355713
40000 	4.168637037277222
45000 	4.6040940284729
50000 	5.004534006118774
60000 	5.55223536491394
70000 	6.073464870452881
80000 	7.091670513153076
90000 	7.784788370132446
100000 	8.567806959152222
110000 	9.26889967918396
120000 	9.918283700942993
130000 	10.570235967636108
140000 	11.209107160568237
150000 	11.822985649108887
160000 	12.385273933410645
170000 	13.079503297805786
180000 	13.736638069152832
190000 	14.340383291244507
200000 	14.866864442825317
300000 	19.05179452896118
400000 	22.34957480430603
500000 	25.658844709396362
600000 	29.27440619468689
700000 	32.14701223373413
800000 	36.30227184295654
900000 	39.3607075214386
1000000 	45.334747076034546
1100000 	48.706063985824585
1200000 	51.64893984794617
1300000 	55.77920746803284
1400000 	62.77771329879761
1500000 	68.29106640815735
1600000 	71.25758910179138
1700000 	74.11319327354431
1800000 	77.18181920051575
1900000 	81.40627002716064
2000000 	87.00398135185242
3000000 	128.69864869117737
4000000 	166.09895062446594
5000000 	225.56277108192444
6000000 	264.9142334461212
7000000 	293.91426181793213
8000000 	343.4932551383972
9000000 	387.2720398902893
10000000 	0
