10 	0.37792086601257324
20 	0.37793493270874023
30 	0.3779475688934326
40 	0.3779597282409668
50 	0.377971887588501
60 	0.37799668312072754
70 	0.3780086040496826
80 	0.378021240234375
90 	0.3780333995819092
100 	0.37804603576660156
200 	0.3781766891479492
300 	0.3783090114593506
400 	0.37843990325927734
500 	0.3785703182220459
600 	0.37870073318481445
700 	0.3788332939147949
800 	0.37897181510925293
900 	0.3791019916534424
1000 	0.37923192977905273
2000 	0.3805570602416992
3000 	0.41992950439453125
4000 	0.421245813369751
5000 	0.4656543731689453
6000 	0.4670224189758301
7000 	0.5268020629882812
8000 	0.5281333923339844
9000 	0.5712871551513672
10000 	0.5726070404052734
11000 	0.6253023147583008
12000 	0.6266219615936279
13000 	0.6719000339508057
14000 	0.6732223033905029
15000 	0.7240822315216064
17500 	0.7857003211975098
20000 	0.82958984375
22500 	0.98581862449646
25000 	1.083024024963379
30000 	1.2877795696258545
35000 	1.907768726348877
40000 	2.389122486114502
45000 	3.1110620498657227
50000 	3.322822332382202
60000 	3.6212923526763916
70000 	3.8794400691986084
80000 	4.126141786575317
90000 	4.415940284729004
100000 	4.662905693054199
110000 	4.959322214126587
120000 	5.2410728931427
130000 	5.5077080726623535
140000 	5.7620298862457275
150000 	6.060222148895264
160000 	6.372310638427734
170000 	6.646482944488525
180000 	7.01272439956665
190000 	7.314975023269653
200000 	7.638706684112549
300000 	0
400000 	0
500000 	0
600000 	0
700000 	0
800000 	0
900000 	0
1000000 	0
1100000 	0
1200000 	0
1300000 	0
1400000 	0
1500000 	0
1600000 	0
1700000 	0
1800000 	0
1900000 	0
2000000 	0
3000000 	0
4000000 	0
5000000 	0
6000000 	0
7000000 	0
8000000 	0
9000000 	0
10000000 	0
