10 	0.9663515090942383
20 	0.966367244720459
30 	0.9663810729980469
40 	0.9663934707641602
50 	0.9664056301116943
60 	0.9664299488067627
70 	0.966442346572876
80 	0.9664545059204102
90 	0.9664669036865234
100 	0.9664795398712158
200 	0.9666116237640381
300 	0.9667434692382812
400 	0.9668879508972168
500 	0.9670276641845703
600 	0.9671597480773926
700 	0.9672930240631104
800 	0.9674248695373535
900 	0.9675557613372803
1000 	0.9676873683929443
2000 	0.9690256118774414
3000 	1.116234540939331
4000 	1.1194064617156982
5000 	1.2994987964630127
6000 	1.302518367767334
7000 	1.4322171211242676
8000 	1.4352192878723145
9000 	1.6117985248565674
10000 	1.6149661540985107
11000 	1.6843667030334473
12000 	1.6857070922851562
13000 	1.7464885711669922
14000 	1.747826337814331
15000 	1.802734375
17500 	1.8656113147735596
20000 	1.9221460819244385
22500 	2.0385732650756836
25000 	2.098438262939453
30000 	2.23709774017334
35000 	2.4213051795959473
40000 	2.5279946327209473
45000 	2.705098867416382
50000 	2.8313491344451904
60000 	3.4026191234588623
70000 	3.734515905380249
80000 	4.020962715148926
90000 	4.291667938232422
100000 	4.586395740509033
110000 	4.883185148239136
120000 	5.18160343170166
130000 	5.450988292694092
140000 	5.751758575439453
150000 	6.039568662643433
160000 	6.32805323600769
170000 	6.6626012325286865
180000 	6.987618684768677
190000 	7.290817737579346
200000 	7.606578826904297
300000 	0
400000 	0
500000 	0
600000 	0
700000 	0
800000 	0
900000 	0
1000000 	0
1100000 	0
1200000 	0
1300000 	0
1400000 	0
1500000 	0
1600000 	0
1700000 	0
1800000 	0
1900000 	0
2000000 	0
3000000 	0
4000000 	0
5000000 	0
6000000 	0
7000000 	0
8000000 	0
9000000 	0
10000000 	0
