10 	0.16608762741088867
20 	0.16610193252563477
30 	0.16611433029174805
40 	0.16612672805786133
50 	0.1661388874053955
60 	0.16616320610046387
70 	0.16617560386657715
80 	0.16618800163269043
90 	0.1662001609802246
100 	0.1662130355834961
200 	0.16634488105773926
300 	0.16647791862487793
400 	0.16661977767944336
500 	0.16675233840942383
600 	0.1668844223022461
700 	0.16701650619506836
800 	0.16714811325073242
900 	0.167280912399292
1000 	0.16741275787353516
2000 	0.16875243186950684
3000 	0.20038580894470215
4000 	0.20172595977783203
5000 	0.23208379745483398
6000 	0.2334134578704834
7000 	0.2650172710418701
8000 	0.2663462162017822
9000 	0.309429407119751
10000 	0.31076502799987793
11000 	0.34838128089904785
12000 	0.34972357749938965
13000 	0.3652913570404053
14000 	0.3666248321533203
15000 	0.3901848793029785
17500 	0.42566370964050293
20000 	0.4503285884857178
22500 	0.5212063789367676
25000 	0.550370454788208
30000 	0.6122992038726807
35000 	0.7086756229400635
40000 	0.7678444385528564
45000 	0.845839262008667
50000 	0.909198522567749
60000 	1.0538017749786377
70000 	1.1877398490905762
80000 	1.3489913940429688
90000 	1.4913356304168701
100000 	1.6502089500427246
110000 	1.800628900527954
120000 	1.951587200164795
130000 	2.1171514987945557
140000 	2.265410900115967
150000 	2.4154229164123535
160000 	2.566042184829712
170000 	2.7055776119232178
180000 	2.8319177627563477
190000 	2.9771196842193604
200000 	3.1326496601104736
300000 	4.5806355476379395
400000 	6.094354152679443
500000 	7.545332193374634
600000 	0
700000 	0
800000 	0
900000 	0
1000000 	0
1100000 	0
1200000 	0
1300000 	0
1400000 	0
1500000 	0
1600000 	0
1700000 	0
1800000 	0
1900000 	0
2000000 	0
3000000 	0
4000000 	0
5000000 	0
6000000 	0
7000000 	0
8000000 	0
9000000 	0
10000000 	0
