10 	0.09905675588185349
20 	0.09906968050201109
30 	0.09907945912378376
40 	0.09908863004718295
50 	0.0990964565553683
60 	0.09911310094841544
70 	0.09911938684468774
80 	0.09912518630636562
90 	0.09913073781461344
100 	0.09913594488752857
200 	0.09916795295130981
300 	0.0991791477282792
400 	0.09918325129057609
500 	0.09918473925992671
600 	0.09918527813822091
700 	0.0991854774740311
800 	0.0991855497751286
900 	0.09918557645484834
1000 	0.09918558663501817
2000 	0.09918559228368783
3000 	0.09918559245491942
4000 	0.09918559245491942
5000 	0.09918559245491942
6000 	0.09918559245491942
7000 	0.09918559245491942
8000 	0.09918559245491942
9000 	0.09918559245491942
10000 	0.09918559245491942
11000 	0.09918559245491942
12000 	0.09918559245491942
13000 	0.09918559245491942
14000 	0.09918559245491942
15000 	0.09918559245491942
17500 	0.09918559245491942
20000 	0.09918559245491942
22500 	0.09918559245491942
25000 	0.09918559245491942
30000 	0.09918559245491942
35000 	0.09918559245491942
40000 	0.09918559245491942
45000 	0.09918559245491942
50000 	0.09918559245491942
60000 	0.09918559245491942
70000 	0.09918559245491942
80000 	0.09918559245491942
90000 	0.09918559245491942
100000 	0.09918559245491942
110000 	0.09918559245491942
120000 	0.09918559245491942
130000 	0.09918559245491942
140000 	0.09918559245491942
150000 	0.09918559245491942
160000 	0.09918559245491942
170000 	0.09918559245491942
180000 	0.09918559245491942
190000 	0.09918559245491942
200000 	0.09918559245491942
300000 	0.09918559245491942
400000 	0.09918559245491942
500000 	0.09918559245491942
600000 	0.09918559245491942
700000 	0.09918559245491942
800000 	0.09918559245491942
900000 	0.09918559245491942
1000000 	0.09918559245491942
1100000 	0.09918559245491942
1200000 	0.09918559245491942
1300000 	0.09918559245491942
1400000 	0.09918559245491942
1500000 	0.09918559245491942
1600000 	0.09918559245491942
1700000 	0.09918559245491942
1800000 	0.09918559245491942
1900000 	0.09918559245491942
2000000 	0.09918559245491942
3000000 	0
4000000 	0
5000000 	0
6000000 	0
7000000 	0
8000000 	0
9000000 	0
10000000 	0
