10 	0.027571799432297317
20 	0.027583467772622116
30 	0.027594213464624758
40 	0.02760304871894494
50 	0.027610735579847803
60 	0.02762595892109205
70 	0.027632372635698028
80 	0.027638163007724103
90 	0.027647822813836848
100 	0.027652566178607292
200 	0.027683408253665165
300 	0.027694592111228187
400 	0.02769869044248084
500 	0.027700177816986967
600 	0.027700724405911675
700 	0.02770092428905936
800 	0.02770099690647748
900 	0.027701025027189588
1000 	0.027701034819880493
2000 	0.027701040502619987
3000 	0.027701040566722245
4000 	0.027701040566722245
5000 	0.027701040566722245
6000 	0.027701040566722245
7000 	0.027701040566722245
8000 	0.027701040566722245
9000 	0.027701040566722245
10000 	0.027701040566722245
11000 	0.027701040566722245
12000 	0.027701040566722245
13000 	0.027701040566722245
14000 	0.027701040566722245
15000 	0.027701040566722245
17500 	0.027701040566722245
20000 	0.027701040566722245
22500 	0.027701040566722245
25000 	0.027701040566722245
30000 	0.027701040566722245
35000 	0.027701040566722245
40000 	0.027701040566722245
45000 	0.027701040566722245
50000 	0.027701040566722245
60000 	0.027701040566722245
70000 	0.027701040566722245
80000 	0.027701040566722245
90000 	0.027701040566722245
100000 	0.027701040566722245
110000 	0.027701040566722245
120000 	0.027701040566722245
130000 	0.027701040566722245
140000 	0.027701040566722245
150000 	0.027701040566722245
160000 	0.027701040566722245
170000 	0.027701040566722245
180000 	0.027701040566722245
190000 	0.027701040566722245
200000 	0.027701040566722245
300000 	0.027701040566722245
400000 	0.027701040566722245
500000 	0.027701040566722245
600000 	0.027701040566722245
700000 	0.027701040566722245
800000 	0.027701040566722245
900000 	0.027701040566722245
1000000 	0.027701040566722245
1100000 	0.027701040566722245
1200000 	0.027701040566722245
1300000 	0.027701040566722245
1400000 	0.027701040566722245
1500000 	0.027701040566722245
1600000 	0.027701040566722245
1700000 	0.027701040566722245
1800000 	0.027701040566722245
1900000 	0.027701040566722245
2000000 	0.027701040566722245
3000000 	0.027701040566722245
4000000 	0.027701040566722245
5000000 	0.027701040566722245
6000000 	0.027701040566722245
7000000 	0.027701040566722245
8000000 	0.027701040566722245
9000000 	0.027701040566722245
10000000 	0
