10 	0.14644393668028924
20 	0.14645729171121918
30 	0.14646878158775312
40 	0.146477277855643
50 	0.1464852637048072
60 	0.14649916972650723
70 	0.14650557351389512
80 	0.1465115917348865
90 	0.14651673192568826
100 	0.1465217535564512
200 	0.14655246176683165
300 	0.14656360428873236
400 	0.14656774946137613
500 	0.1465692581964474
600 	0.14656982284645195
700 	0.14657006982918183
800 	0.1465701433516405
900 	0.14657017033113823
1000 	0.14657018010258213
2000 	0.14657018585469028
3000 	0.1465701859419493
4000 	0.1465701859419493
5000 	0.1465701859419493
6000 	0.1465701859419493
7000 	0.1465701859419493
8000 	0.1465701859419493
9000 	0.1465701859419493
10000 	0.1465701859419493
11000 	0.1465701859419493
12000 	0.1465701859419493
13000 	0.1465701859419493
14000 	0.1465701859419493
15000 	0.1465701859419493
17500 	0.1465701859419493
20000 	0.1465701859419493
22500 	0.1465701859419493
25000 	0.1465701859419493
30000 	0.1465701859419493
35000 	0.1465701859419493
40000 	0.1465701859419493
45000 	0.1465701859419493
50000 	0.1465701859419493
60000 	0.1465701859419493
70000 	0.1465701859419493
80000 	0.1465701859419493
90000 	0.1465701859419493
100000 	0.1465701859419493
110000 	0.1465701859419493
120000 	0.1465701859419493
130000 	0.1465701859419493
140000 	0.1465701859419493
150000 	0.1465701859419493
160000 	0.1465701859419493
170000 	0.1465701859419493
180000 	0.1465701859419493
190000 	0.1465701859419493
200000 	0.1465701859419493
300000 	0.1465701859419493
400000 	0.1465701859419493
500000 	0.1465701859419493
600000 	0.1465701859419493
700000 	0.1465701859419493
800000 	0.1465701859419493
900000 	0.1465701859419493
1000000 	0.1465701859419493
1100000 	0.1465701859419493
1200000 	0.1465701859419493
1300000 	0.1465701859419493
1400000 	0.1465701859419493
1500000 	0.1465701859419493
1600000 	0.1465701859419493
1700000 	0.1465701859419493
1800000 	0.1465701859419493
1900000 	0.1465701859419493
2000000 	0.1465701859419493
3000000 	0.1465701859419493
4000000 	0.1465701859419493
5000000 	0.1465701859419493
6000000 	0.1465701859419493
7000000 	0
8000000 	0
9000000 	0
10000000 	0
