10 	0.12120313196804947
20 	0.12121543471602532
30 	0.12122537854735811
40 	0.12123388503250544
50 	0.12124218046135803
60 	0.12125412352218565
70 	0.12126052846318171
80 	0.12126644235529348
90 	0.12127178671282661
100 	0.12127644465440125
200 	0.12130661494009452
300 	0.12132651073268237
400 	0.12133078876460074
500 	0.12133305259448907
600 	0.12133361036432247
700 	0.12133381414186496
800 	0.12133388698581117
900 	0.12133393174971427
1000 	0.12133394172230577
2000 	0.12133394956176465
3000 	0.12133394969740437
4000 	0.12133394969740437
5000 	0.12133394969740437
6000 	0.12133394969740437
7000 	0.12133394969740437
8000 	0.12133394969740437
9000 	0.12133394969740437
10000 	0.12133394969740437
11000 	0.12133394969740437
12000 	0.12133394969740437
13000 	0.12133394969740437
14000 	0.12133394969740437
15000 	0.12133394969740437
17500 	0.12133394969740437
20000 	0.12133394969740437
22500 	0.12133394969740437
25000 	0.12133394969740437
30000 	0.12133394969740437
35000 	0.12133394969740437
40000 	0.12133394969740437
45000 	0.12133394969740437
50000 	0.12133394969740437
60000 	0.12133394969740437
70000 	0.12133394969740437
80000 	0.12133394969740437
90000 	0.12133394969740437
100000 	0.12133394969740437
110000 	0.12133394969740437
120000 	0.12133394969740437
130000 	0.12133394969740437
140000 	0.12133394969740437
150000 	0.12133394969740437
160000 	0.12133394969740437
170000 	0.12133394969740437
180000 	0.12133394969740437
190000 	0.12133394969740437
200000 	0.12133394969740437
300000 	0.12133394969740437
400000 	0.12133394969740437
500000 	0.12133394969740437
600000 	0.12133394969740437
700000 	0.12133394969740437
800000 	0.12133394969740437
900000 	0.12133394969740437
1000000 	0.12133394969740437
1100000 	0.12133394969740437
1200000 	0.12133394969740437
1300000 	0.12133394969740437
1400000 	0.12133394969740437
1500000 	0.12133394969740437
1600000 	0.12133394969740437
1700000 	0.12133394969740437
1800000 	0.12133394969740437
1900000 	0.12133394969740437
2000000 	0.12133394969740437
3000000 	0.12133394969740437
4000000 	0.12133394969740437
5000000 	0.12133394969740437
6000000 	0.12133394969740437
7000000 	0
8000000 	0
9000000 	0
10000000 	0
