10 	0.08061326249762792
20 	0.08062598579354084
30 	0.0806359369889935
40 	0.08064510438644172
50 	0.08065308714119265
60 	0.08066959983420667
70 	0.08067612413151368
80 	0.08068191889007072
90 	0.08068746937399734
100 	0.08069239369356096
200 	0.08072276235780788
300 	0.08073402851062993
400 	0.08073847070612732
500 	0.08073998507130731
600 	0.08074053156788479
700 	0.08074073339828058
800 	0.08074080669054567
900 	0.08074083384610203
1000 	0.0807408436860786
2000 	0.080740849585712
3000 	0.08074084967792457
4000 	0.08074084967792457
5000 	0.08074084967792457
6000 	0.08074084967792457
7000 	0.08074084967792457
8000 	0.08074084967792457
9000 	0.08074084967792457
10000 	0.08074084967792457
11000 	0.08074084967792457
12000 	0.08074084967792457
13000 	0.08074084967792457
14000 	0.08074084967792457
15000 	0.08074084967792457
17500 	0.08074084967792457
20000 	0.08074084967792457
22500 	0.08074084967792457
25000 	0.08074084967792457
30000 	0.08074084967792457
35000 	0.08074084967792457
40000 	0.08074084967792457
45000 	0.08074084967792457
50000 	0.08074084967792457
60000 	0.08074084967792457
70000 	0.08074084967792457
80000 	0.08074084967792457
90000 	0.08074084967792457
100000 	0.08074084967792457
110000 	0.08074084967792457
120000 	0.08074084967792457
130000 	0.08074084967792457
140000 	0.08074084967792457
150000 	0.08074084967792457
160000 	0.08074084967792457
170000 	0.08074084967792457
180000 	0.08074084967792457
190000 	0.08074084967792457
200000 	0.08074084967792457
300000 	0.08074084967792457
400000 	0.08074084967792457
500000 	0.08074084967792457
600000 	0.08074084967792457
700000 	0.08074084967792457
800000 	0.08074084967792457
900000 	0.08074084967792457
1000000 	0.08074084967792457
1100000 	0.08074084967792457
1200000 	0.08074084967792457
1300000 	0.08074084967792457
1400000 	0.08074084967792457
1500000 	0.08074084967792457
1600000 	0.08074084967792457
1700000 	0.08074084967792457
1800000 	0.08074084967792457
1900000 	0.08074084967792457
2000000 	0.08074084967792457
3000000 	0.08074084967792457
4000000 	0.08074084967792457
5000000 	0.08074084967792457
6000000 	0.08074084967792457
7000000 	0
8000000 	0
9000000 	0
10000000 	0
