10 	0.058180036349940296
20 	0.058192109035881345
30 	0.058201511029069196
40 	0.058210173469004714
50 	0.05821785734138878
60 	0.05823237629130034
70 	0.058238787637656976
80 	0.05824447361153701
90 	0.05824971850074052
100 	0.05825446372892832
200 	0.05828425970875752
300 	0.05829551540153785
400 	0.05829961589903914
500 	0.058301089855175355
600 	0.0583016278317568
700 	0.058301824448558276
800 	0.058301899836529725
900 	0.05830192620078001
1000 	0.058301935935717135
2000 	0.05830194155219183
3000 	0.058301941615899036
4000 	0.058301941615899036
5000 	0.058301941615899036
6000 	0.058301941615899036
7000 	0.058301941615899036
8000 	0.058301941615899036
9000 	0.058301941615899036
10000 	0.058301941615899036
11000 	0.058301941615899036
12000 	0.058301941615899036
13000 	0.058301941615899036
14000 	0.058301941615899036
15000 	0.058301941615899036
17500 	0.058301941615899036
20000 	0.058301941615899036
22500 	0.058301941615899036
25000 	0.058301941615899036
30000 	0.058301941615899036
35000 	0.058301941615899036
40000 	0.058301941615899036
45000 	0.058301941615899036
50000 	0.058301941615899036
60000 	0.058301941615899036
70000 	0.058301941615899036
80000 	0.058301941615899036
90000 	0.058301941615899036
100000 	0.058301941615899036
110000 	0.058301941615899036
120000 	0.058301941615899036
130000 	0.058301941615899036
140000 	0.058301941615899036
150000 	0.058301941615899036
160000 	0.058301941615899036
170000 	0.058301941615899036
180000 	0.058301941615899036
190000 	0.058301941615899036
200000 	0.058301941615899036
300000 	0.058301941615899036
400000 	0.058301941615899036
500000 	0.058301941615899036
600000 	0.058301941615899036
700000 	0.058301941615899036
800000 	0.058301941615899036
900000 	0.058301941615899036
1000000 	0.058301941615899036
1100000 	0.058301941615899036
1200000 	0.058301941615899036
1300000 	0.058301941615899036
1400000 	0.058301941615899036
1500000 	0.058301941615899036
1600000 	0.058301941615899036
1700000 	0.058301941615899036
1800000 	0.058301941615899036
1900000 	0.058301941615899036
2000000 	0.058301941615899036
3000000 	0.058301941615899036
4000000 	0.058301941615899036
5000000 	0.058301941615899036
6000000 	0.058301941615899036
7000000 	0.058301941615899036
8000000 	0.058301941615899036
9000000 	0.058301941615899036
10000000 	0
