10 	0.13200733434782347
20 	0.13202069808120645
30 	0.13203144019353946
40 	0.1320401009897003
50 	0.1320504357084347
60 	0.1320646676401241
70 	0.13207107898648077
80 	0.13207665267217575
90 	0.1320817940824848
100 	0.13208671843783532
200 	0.13211710682311908
300 	0.13212923540439603
400 	0.13213330207542767
500 	0.13213477746257846
600 	0.1321353412935138
700 	0.13213553986151103
800 	0.13213561238600977
900 	0.13213563902934983
1000 	0.132135649214473
2000 	0.13213565488676593
3000 	0.13213565505488395
4000 	0.13213565505488395
5000 	0.13213565505488395
6000 	0.13213565505488395
7000 	0.13213565505488395
8000 	0.13213565505488395
9000 	0.13213565505488395
10000 	0.13213565505488395
11000 	0.13213565505488395
12000 	0.13213565505488395
13000 	0.13213565505488395
14000 	0.13213565505488395
15000 	0.13213565505488395
17500 	0.13213565505488395
20000 	0.13213565505488395
22500 	0.13213565505488395
25000 	0.13213565505488395
30000 	0.13213565505488395
35000 	0.13213565505488395
40000 	0.13213565505488395
45000 	0.13213565505488395
50000 	0.13213565505488395
60000 	0.13213565505488395
70000 	0.13213565505488395
80000 	0.13213565505488395
90000 	0.13213565505488395
100000 	0.13213565505488395
110000 	0.13213565505488395
120000 	0.13213565505488395
130000 	0.13213565505488395
140000 	0.13213565505488395
150000 	0.13213565505488395
160000 	0.13213565505488395
170000 	0.13213565505488395
180000 	0.13213565505488395
190000 	0.13213565505488395
200000 	0.13213565505488395
300000 	0.13213565505488395
400000 	0.13213565505488395
500000 	0.13213565505488395
600000 	0.13213565505488395
700000 	0.13213565505488395
800000 	0.13213565505488395
900000 	0.13213565505488395
1000000 	0.13213565505488395
1100000 	0.13213565505488395
1200000 	0.13213565505488395
1300000 	0.13213565505488395
1400000 	0
1500000 	0
1600000 	0
1700000 	0
1800000 	0
1900000 	0
2000000 	0
3000000 	0
4000000 	0
5000000 	0
6000000 	0
7000000 	0
8000000 	0
9000000 	0
10000000 	0
