10 	0.05404567354799537
20 	0.054059217411626295
30 	0.054069919969852144
40 	0.054079255150409615
50 	0.05408784188904728
60 	0.05410290133302643
70 	0.05410980654487524
80 	0.054116380207491634
90 	0.054122025115017285
100 	0.054127135720970734
200 	0.054159080018088356
300 	0.054170825930255385
400 	0.05417514005483249
500 	0.05417672157565864
600 	0.05417740323276152
700 	0.05417761800786544
800 	0.0541776950702768
900 	0.05417772337862548
1000 	0.054177734431794425
2000 	0.05417774058491893
3000 	0.054177740629738264
4000 	0.054177740629738264
5000 	0.054177740629738264
6000 	0.054177740629738264
7000 	0.054177740629738264
8000 	0.054177740629738264
9000 	0.054177740629738264
10000 	0.054177740629738264
11000 	0.054177740629738264
12000 	0.054177740629738264
13000 	0.054177740629738264
14000 	0.054177740629738264
15000 	0.054177740629738264
17500 	0.054177740629738264
20000 	0.054177740629738264
22500 	0.054177740629738264
25000 	0.054177740629738264
30000 	0.054177740629738264
35000 	0.054177740629738264
40000 	0.054177740629738264
45000 	0.054177740629738264
50000 	0.054177740629738264
60000 	0.054177740629738264
70000 	0.054177740629738264
80000 	0.054177740629738264
90000 	0.054177740629738264
100000 	0.054177740629738264
110000 	0.054177740629738264
120000 	0.054177740629738264
130000 	0.054177740629738264
140000 	0.054177740629738264
150000 	0.054177740629738264
160000 	0.054177740629738264
170000 	0.054177740629738264
180000 	0.054177740629738264
190000 	0.054177740629738264
200000 	0.054177740629738264
300000 	0.054177740629738264
400000 	0.054177740629738264
500000 	0.054177740629738264
600000 	0.054177740629738264
700000 	0.054177740629738264
800000 	0.054177740629738264
900000 	0.054177740629738264
1000000 	0.054177740629738264
1100000 	0.054177740629738264
1200000 	0.054177740629738264
1300000 	0
1400000 	0
1500000 	0
1600000 	0
1700000 	0
1800000 	0
1900000 	0
2000000 	0
3000000 	0
4000000 	0
5000000 	0
6000000 	0
7000000 	0
8000000 	0
9000000 	0
10000000 	0
