10 	0.8351295583005227
20 	0.8351444668384433
30 	0.8351555330014355
40 	0.8351655291795187
50 	0.8351744284080742
60 	0.8351894560428772
70 	0.8351968516329603
80 	0.8352034266760938
90 	0.8352093789522612
100 	0.8352149385056753
200 	0.835247771879356
300 	0.8352596936130867
400 	0.8352640742553672
500 	0.8352656574964129
600 	0.8352662346901876
700 	0.8352664628125168
800 	0.8352665410535759
900 	0.8352665696666941
1000 	0.8352665800189981
2000 	0.8352665860627474
3000 	0.8352665874119087
4000 	0.8352665874119087
5000 	0.8352665874119087
6000 	0.8352665874119087
7000 	0.8352665874119087
8000 	0.8352665874119087
9000 	0.8352665874119087
10000 	0.8352665874119087
11000 	0.8352665874119087
12000 	0.8352665874119087
13000 	0.8352665874119087
14000 	0.8352665874119087
15000 	0.8352665874119087
17500 	0.8352665874119087
20000 	0.8352665874119087
22500 	0.8352665874119087
25000 	0.8352665874119087
30000 	0.8352665874119087
35000 	0.8352665874119087
40000 	0.8352665874119087
45000 	0.8352665874119087
50000 	0.8352665874119087
60000 	0.8352665874119087
70000 	0.8352665874119087
80000 	0.8352665874119087
90000 	0.8352665874119087
100000 	0.8352665874119087
110000 	0.8352665874119087
120000 	0.8352665874119087
130000 	0.8352665874119087
140000 	0.8352665874119087
150000 	0.8352665874119087
160000 	0.8352665874119087
170000 	0.8352665874119087
180000 	0.8352665874119087
190000 	0.8352665874119087
200000 	0.8352665874119087
300000 	0.8352665874119087
400000 	0.8352665874119087
500000 	0.8352665874119087
600000 	0.8352665874119087
700000 	0.8352665874119087
800000 	0.8352665874119087
900000 	0.8352665874119087
1000000 	0.8352665874119087
1100000 	0.8352665874119087
1200000 	0.8352665874119087
1300000 	0.8352665874119087
1400000 	0.8352665874119087
1500000 	0.8352665874119087
1600000 	0.8352665874119087
1700000 	0
1800000 	0
1900000 	0
2000000 	0
3000000 	0
4000000 	0
5000000 	0
6000000 	0
7000000 	0
8000000 	0
9000000 	0
10000000 	0
