10 	0.08956147519476895
20 	0.08957568870661173
30 	0.08958679629747567
40 	0.0895952974638142
50 	0.08960329094547001
60 	0.0896180789231035
70 	0.0896243636765405
80 	0.08963016414784482
90 	0.08963550751231836
100 	0.08964034185513177
200 	0.08967047671814826
300 	0.08968144569801247
400 	0.0896856814144471
500 	0.08968716108517863
600 	0.08968769999474348
700 	0.08968789810267734
800 	0.08968797641535366
900 	0.08968800283327084
1000 	0.08968801258933892
2000 	0.08968801831478025
3000 	0.08968801847713505
4000 	0.08968801847713505
5000 	0.08968801847713505
6000 	0.08968801847713505
7000 	0.08968801847713505
8000 	0.08968801847713505
9000 	0.08968801847713505
10000 	0.08968801847713505
11000 	0.08968801847713505
12000 	0.08968801847713505
13000 	0.08968801847713505
14000 	0.08968801847713505
15000 	0.08968801847713505
17500 	0.08968801847713505
20000 	0.08968801847713505
22500 	0.08968801847713505
25000 	0.08968801847713505
30000 	0.08968801847713505
35000 	0.08968801847713505
40000 	0.08968801847713505
45000 	0.08968801847713505
50000 	0.08968801847713505
60000 	0.08968801847713505
70000 	0.08968801847713505
80000 	0.08968801847713505
90000 	0.08968801847713505
100000 	0.08968801847713505
110000 	0.08968801847713505
120000 	0.08968801847713505
130000 	0.08968801847713505
140000 	0.08968801847713505
150000 	0.08968801847713505
160000 	0.08968801847713505
170000 	0.08968801847713505
180000 	0.08968801847713505
190000 	0.08968801847713505
200000 	0.08968801847713505
300000 	0.08968801847713505
400000 	0.08968801847713505
500000 	0.08968801847713505
600000 	0.08968801847713505
700000 	0.08968801847713505
800000 	0.08968801847713505
900000 	0.08968801847713505
1000000 	0.08968801847713505
1100000 	0.08968801847713505
1200000 	0.08968801847713505
1300000 	0.08968801847713505
1400000 	0.08968801847713505
1500000 	0.08968801847713505
1600000 	0.08968801847713505
1700000 	0.08968801847713505
1800000 	0.08968801847713505
1900000 	0.08968801847713505
2000000 	0.08968801847713505
3000000 	0
4000000 	0
5000000 	0
6000000 	0
7000000 	0
8000000 	0
9000000 	0
10000000 	0
