10 	0.06042840167465075
20 	0.06044552250600587
30 	0.06045754657461
40 	0.06046721898058363
50 	0.060476107619388424
60 	0.06049028405582015
70 	0.06049730223228988
80 	0.06050364934528834
90 	0.060514359593602955
100 	0.06051975853519321
200 	0.0605536882604831
300 	0.060566039363704124
400 	0.060570538078191745
500 	0.060572159530312
600 	0.060572751162117786
700 	0.06057305083780043
800 	0.06057315191173358
900 	0.06057318150457855
1000 	0.06057319197655815
2000 	0.060573198269687226
3000 	0.060573198308525616
4000 	0.060573198308525616
5000 	0.060573198308525616
6000 	0.060573198308525616
7000 	0.060573198308525616
8000 	0.060573198308525616
9000 	0.060573198308525616
10000 	0.060573198308525616
11000 	0.060573198308525616
12000 	0.060573198308525616
13000 	0.060573198308525616
14000 	0.060573198308525616
15000 	0.060573198308525616
17500 	0.060573198308525616
20000 	0.060573198308525616
22500 	0.060573198308525616
25000 	0.060573198308525616
30000 	0.060573198308525616
35000 	0.060573198308525616
40000 	0.060573198308525616
45000 	0.060573198308525616
50000 	0.060573198308525616
60000 	0.060573198308525616
70000 	0.060573198308525616
80000 	0.060573198308525616
90000 	0.060573198308525616
100000 	0.060573198308525616
110000 	0.060573198308525616
120000 	0.060573198308525616
130000 	0.060573198308525616
140000 	0.060573198308525616
150000 	0.060573198308525616
160000 	0.060573198308525616
170000 	0.060573198308525616
180000 	0.060573198308525616
190000 	0.060573198308525616
200000 	0.060573198308525616
300000 	0.060573198308525616
400000 	0.060573198308525616
500000 	0.060573198308525616
600000 	0.060573198308525616
700000 	0.060573198308525616
800000 	0.060573198308525616
900000 	0.060573198308525616
1000000 	0.060573198308525616
1100000 	0.060573198308525616
1200000 	0.060573198308525616
1300000 	0
1400000 	0
1500000 	0
1600000 	0
1700000 	0
1800000 	0
1900000 	0
2000000 	0
3000000 	0
4000000 	0
5000000 	0
6000000 	0
7000000 	0
8000000 	0
9000000 	0
10000000 	0
