10 	0.1298966173512596
20 	0.12990869834501118
30 	0.1299180909702935
40 	0.1299269314449961
50 	0.12993461985348023
60 	0.1299488393265878
70 	0.12995525067294447
80 	0.12996094123748897
90 	0.12996618612669247
100 	0.12997102046950587
200 	0.13000275357458713
300 	0.13001378677587533
400 	0.13001788203443013
500 	0.13001935382876284
600 	0.13001989211334666
700 	0.13002009211840804
800 	0.13002016432486455
900 	0.13002019080953583
1000 	0.1300202009626633
2000 	0.13002020661153427
3000 	0.13002020672013212
4000 	0.13002020672013212
5000 	0.13002020672013212
6000 	0.13002020672013212
7000 	0.13002020672013212
8000 	0.13002020672013212
9000 	0.13002020672013212
10000 	0.13002020672013212
11000 	0.13002020672013212
12000 	0.13002020672013212
13000 	0.13002020672013212
14000 	0.13002020672013212
15000 	0.13002020672013212
17500 	0.13002020672013212
20000 	0.13002020672013212
22500 	0.13002020672013212
25000 	0.13002020672013212
30000 	0.13002020672013212
35000 	0.13002020672013212
40000 	0.13002020672013212
45000 	0.13002020672013212
50000 	0.13002020672013212
60000 	0.13002020672013212
70000 	0.13002020672013212
80000 	0.13002020672013212
90000 	0.13002020672013212
100000 	0.13002020672013212
110000 	0.13002020672013212
120000 	0.13002020672013212
130000 	0.13002020672013212
140000 	0.13002020672013212
150000 	0.13002020672013212
160000 	0.13002020672013212
170000 	0.13002020672013212
180000 	0.13002020672013212
190000 	0.13002020672013212
200000 	0.13002020672013212
300000 	0.13002020672013212
400000 	0.13002020672013212
500000 	0.13002020672013212
600000 	0.13002020672013212
700000 	0.13002020672013212
800000 	0.13002020672013212
900000 	0.13002020672013212
1000000 	0.13002020672013212
1100000 	0.13002020672013212
1200000 	0.13002020672013212
1300000 	0.13002020672013212
1400000 	0
1500000 	0
1600000 	0
1700000 	0
1800000 	0
1900000 	0
2000000 	0
3000000 	0
4000000 	0
5000000 	0
6000000 	0
7000000 	0
8000000 	0
9000000 	0
10000000 	0
