10 	0.017937002601692086
20 	0.01794930522391562
30 	0.017959265729934795
40 	0.017967931340161558
50 	0.017975923274544055
60 	0.017987572318418823
70 	0.017993859455279614
80 	0.0179997767474028
90 	0.018009433569934067
100 	0.018014464389019793
200 	0.01804473736125075
300 	0.01805575551019009
400 	0.01805978513545113
500 	0.018061279666505715
600 	0.01806181889972952
700 	0.018062017928797743
800 	0.018062089747181268
900 	0.01806211721633937
1000 	0.018062126985968503
2000 	0.018062132662977532
3000 	0.01806213268611462
4000 	0.01806213268611462
5000 	0.01806213268611462
6000 	0.01806213268611462
7000 	0.01806213268611462
8000 	0.01806213268611462
9000 	0.01806213268611462
10000 	0.01806213268611462
11000 	0.01806213268611462
12000 	0.01806213268611462
13000 	0.01806213268611462
14000 	0.01806213268611462
15000 	0.01806213268611462
17500 	0.01806213268611462
20000 	0.01806213268611462
22500 	0.01806213268611462
25000 	0.01806213268611462
30000 	0.01806213268611462
35000 	0.01806213268611462
40000 	0.01806213268611462
45000 	0.01806213268611462
50000 	0.01806213268611462
60000 	0.01806213268611462
70000 	0.01806213268611462
80000 	0.01806213268611462
90000 	0.01806213268611462
100000 	0.01806213268611462
110000 	0.01806213268611462
120000 	0.01806213268611462
130000 	0.01806213268611462
140000 	0.01806213268611462
150000 	0.01806213268611462
160000 	0.01806213268611462
170000 	0.01806213268611462
180000 	0.01806213268611462
190000 	0.01806213268611462
200000 	0.01806213268611462
300000 	0.01806213268611462
400000 	0.01806213268611462
500000 	0.01806213268611462
600000 	0.01806213268611462
700000 	0.01806213268611462
800000 	0.01806213268611462
900000 	0.01806213268611462
1000000 	0.01806213268611462
1100000 	0
1200000 	0
1300000 	0
1400000 	0
1500000 	0
1600000 	0
1700000 	0
1800000 	0
1900000 	0
2000000 	0
3000000 	0
4000000 	0
5000000 	0
6000000 	0
7000000 	0
8000000 	0
9000000 	0
10000000 	0
