10 	0.45812798511109487
20 	0.458140471945388
30 	0.45815176118143874
40 	0.4581612624849066
50 	0.4581701569478171
60 	0.45818591510405093
70 	0.4581928227602299
80 	0.4581989487902856
90 	0.4582043966061048
100 	0.45821072191381196
200 	0.4582435499850393
300 	0.4582553444345094
400 	0.45825976968444315
500 	0.4582614850944095
600 	0.45826207887579407
700 	0.458262294554018
800 	0.4582623711703572
900 	0.45826239986750505
1000 	0.45826241035345117
2000 	0.458262416411097
3000 	0.45826241699765513
4000 	0.45826241699765513
5000 	0.45826241699765513
6000 	0.45826241699765513
7000 	0.45826241699765513
8000 	0.45826241699765513
9000 	0.45826241699765513
10000 	0.45826241699765513
11000 	0.45826241699765513
12000 	0.45826241699765513
13000 	0.45826241699765513
14000 	0.45826241699765513
15000 	0.45826241699765513
17500 	0.45826241699765513
20000 	0.45826241699765513
22500 	0.45826241699765513
25000 	0.45826241699765513
30000 	0.45826241699765513
35000 	0.45826241699765513
40000 	0.45826241699765513
45000 	0.45826241699765513
50000 	0.45826241699765513
60000 	0.45826241699765513
70000 	0.45826241699765513
80000 	0.45826241699765513
90000 	0.45826241699765513
100000 	0.45826241699765513
110000 	0.45826241699765513
120000 	0.45826241699765513
130000 	0.45826241699765513
140000 	0.45826241699765513
150000 	0.45826241699765513
160000 	0.45826241699765513
170000 	0.45826241699765513
180000 	0.45826241699765513
190000 	0.45826241699765513
200000 	0.45826241699765513
300000 	0.45826241699765513
400000 	0.45826241699765513
500000 	0.45826241699765513
600000 	0.45826241699765513
700000 	0.45826241699765513
800000 	0.45826241699765513
900000 	0.45826241699765513
1000000 	0.45826241699765513
1100000 	0.45826241699765513
1200000 	0.45826241699765513
1300000 	0.45826241699765513
1400000 	0.45826241699765513
1500000 	0.45826241699765513
1600000 	0.45826241699765513
1700000 	0
1800000 	0
1900000 	0
2000000 	0
3000000 	0
4000000 	0
5000000 	0
6000000 	0
7000000 	0
8000000 	0
9000000 	0
10000000 	0
