10 	0.08887815475463867
20 	0.08889245986938477
30 	0.08890485763549805
40 	0.08891773223876953
50 	0.08893013000488281
60 	0.08895659446716309
70 	0.08896899223327637
80 	0.08898186683654785
90 	0.08899402618408203
100 	0.08900666236877441
200 	0.08914899826049805
300 	0.08928108215332031
400 	0.0894162654876709
500 	0.08954906463623047
600 	0.08968162536621094
700 	0.0898134708404541
800 	0.08994483947753906
900 	0.09008145332336426
1000 	0.09021353721618652
2000 	0.09154701232910156
3000 	0.14476919174194336
4000 	0.14611363410949707
5000 	0.18840909004211426
6000 	0.18973183631896973
7000 	0.24230289459228516
8000 	0.2436375617980957
9000 	0.29053258895874023
10000 	0.29186391830444336
11000 	0.3292233943939209
12000 	0.3305542469024658
13000 	0.3828296661376953
14000 	0.3841819763183594
15000 	0.4446096420288086
17500 	0.4949190616607666
20000 	0.5572381019592285
22500 	0.6568253040313721
25000 	0.7159972190856934
30000 	0.7987461090087891
35000 	0.9595081806182861
40000 	1.0579304695129395
45000 	1.2071361541748047
50000 	1.3043487071990967
60000 	1.5475571155548096
70000 	1.7972321510314941
80000 	2.0178778171539307
90000 	2.2608911991119385
100000 	2.5217444896698
110000 	2.7540032863616943
120000 	3.0147182941436768
130000 	3.2824060916900635
140000 	3.5197691917419434
150000 	3.78682279586792
160000 	4.0234291553497314
170000 	4.292435646057129
180000 	4.570806264877319
190000 	4.817581653594971
200000 	5.055396795272827
300000 	7.568920373916626
400000 	10.160599946975708
500000 	12.73935317993164
600000 	15.380760908126831
700000 	17.97175121307373
800000 	20.442752361297607
900000 	22.941486597061157
1000000 	25.49122190475464
1100000 	28.02288842201233
1200000 	30.559656381607056
1300000 	33.09191966056824
1400000 	35.6353120803833
1500000 	38.18563222885132
1600000 	40.690489292144775
1700000 	43.2494912147522
1800000 	45.70539355278015
1900000 	48.217386960983276
2000000 	50.81443524360657
3000000 	76.10986256599426
4000000 	105.92601108551025
5000000 	140.0644838809967
6000000 	172.6182360649109
7000000 	205.76444745063782
8000000 	241.37067651748657
9000000 	270.25615215301514
10000000 	0
