10 	0.18437433242797852
20 	0.18441104888916016
30 	0.18444371223449707
40 	0.18447351455688477
50 	0.18450307846069336
60 	0.1845552921295166
70 	0.1845850944519043
80 	0.1846146583557129
90 	0.18464398384094238
100 	0.18467450141906738
200 	0.18499112129211426
300 	0.18533968925476074
400 	0.18566417694091797
500 	0.18598413467407227
600 	0.18630337715148926
700 	0.18664288520812988
800 	0.186964750289917
900 	0.18729281425476074
1000 	0.1876215934753418
2000 	0.19086241722106934
3000 	0.31993961334228516
4000 	0.3230278491973877
5000 	0.4880363941192627
6000 	0.49074864387512207
7000 	0.6122820377349854
8000 	0.6149861812591553
9000 	0.7445688247680664
10000 	0.7472572326660156
11000 	0.9167349338531494
12000 	0.9200372695922852
13000 	1.0949604511260986
14000 	1.0976550579071045
15000 	1.2354991436004639
17500 	1.379530429840088
20000 	1.5176234245300293
22500 	1.7669966220855713
25000 	1.965808391571045
30000 	2.2851884365081787
35000 	2.774244546890259
40000 	3.1444969177246094
45000 	3.6663613319396973
50000 	3.96308970451355
60000 	4.7268548011779785
70000 	5.575422525405884
80000 	6.320463418960571
90000 	7.258555173873901
100000 	7.974171161651611
110000 	8.582478761672974
120000 	9.288108348846436
130000 	9.88813853263855
140000 	10.386327266693115
150000 	10.984708070755005
160000 	11.461670160293579
170000 	12.316669464111328
180000 	13.141034841537476
190000 	13.932119369506836
200000 	14.590065240859985
300000 	0
400000 	0
500000 	0
600000 	0
700000 	0
800000 	0
900000 	0
1000000 	0
1100000 	0
1200000 	0
1300000 	0
1400000 	0
1500000 	0
1600000 	0
1700000 	0
1800000 	0
1900000 	0
2000000 	0
3000000 	0
4000000 	0
5000000 	0
6000000 	0
7000000 	0
8000000 	0
9000000 	0
10000000 	0
