10 	0.30518555641174316
20 	0.30520033836364746
30 	0.30521225929260254
40 	0.305225133895874
50 	0.3052380084991455
60 	0.30526304244995117
70 	0.30527544021606445
80 	0.30528783798217773
90 	0.3053009510040283
100 	0.3053138256072998
200 	0.30544495582580566
300 	0.30557727813720703
400 	0.3057107925415039
500 	0.3058440685272217
600 	0.30597805976867676
700 	0.30611276626586914
800 	0.30625295639038086
900 	0.30638694763183594
1000 	0.3065202236175537
2000 	0.30786991119384766
3000 	0.6932177543640137
4000 	0.6945767402648926
5000 	1.078834056854248
6000 	1.0801949501037598
7000 	1.4703538417816162
8000 	1.4716920852661133
9000 	1.8583405017852783
10000 	1.859689474105835
11000 	2.237293004989624
12000 	2.2386295795440674
13000 	2.6222991943359375
14000 	2.6236412525177
15000 	3.0014288425445557
17500 	3.4039762020111084
20000 	3.827505350112915
22500 	4.609311103820801
25000 	5.00065803527832
30000 	6.639404058456421
35000 	7.8284010887146
40000 	8.59835147857666
45000 	9.813619136810303
50000 	10.625615358352661
60000 	12.557032346725464
70000 	14.486717700958252
80000 	16.67946982383728
90000 	21.319817066192627
100000 	23.373404264450073
110000 	26.073500394821167
120000 	28.217531442642212
130000 	30.110573291778564
140000 	32.03197884559631
150000 	33.93500518798828
160000 	36.07913684844971
170000 	37.99668073654175
180000 	39.96955966949463
190000 	41.95983147621155
200000 	43.928504943847656
300000 	66.45716977119446
400000 	94.6904194355011
500000 	120.96798729896545
600000 	150.35860800743103
700000 	175.17178320884705
800000 	204.10830974578857
900000 	235.8538658618927
1000000 	263.4637095928192
1100000 	286.4093141555786
1200000 	313.44624400138855
1300000 	345.0431182384491
1400000 	372.2745943069458
1500000 	392.13193225860596
1600000 	422.0101110935211
1700000 	449.76988983154297
1800000 	480.7218244075775
1900000 	509.4673707485199
2000000 	529.0657196044922
3000000 	774.5547044277191
4000000 	0
5000000 	0
6000000 	0
7000000 	0
8000000 	0
9000000 	0
10000000 	0
