10 	0.5204753875732422
20 	0.5204894542694092
30 	0.5205016136169434
40 	0.5205142498016357
50 	0.5205264091491699
60 	0.5205504894256592
70 	0.5205624103546143
80 	0.5205755233764648
90 	0.5205879211425781
100 	0.5206003189086914
200 	0.5207304954528809
300 	0.5208606719970703
400 	0.521003246307373
500 	0.5211517810821533
600 	0.5212843418121338
700 	0.5214176177978516
800 	0.5215489864349365
900 	0.5216810703277588
1000 	0.521812915802002
2000 	0.5231502056121826
3000 	1.2420156002044678
4000 	1.2433531284332275
5000 	2.138139247894287
6000 	2.139474630355835
7000 	2.8682405948638916
8000 	2.8695788383483887
9000 	3.6566123962402344
10000 	3.6579575538635254
11000 	4.466551065444946
12000 	4.467890977859497
13000 	5.1540234088897705
14000 	5.157334566116333
15000 	5.909482955932617
17500 	7.075999975204468
20000 	7.643815994262695
22500 	8.322179794311523
25000 	8.697979927062988
30000 	9.321974515914917
35000 	10.594248056411743
40000 	11.273517370223999
45000 	12.129899501800537
50000 	12.857094287872314
60000 	14.461426019668579
70000 	16.156694650650024
80000 	17.807868003845215
90000 	19.44534993171692
100000 	21.063648462295532
110000 	22.643944263458252
120000 	24.22069549560547
130000 	25.838125705718994
140000 	27.428018808364868
150000 	29.11311674118042
160000 	30.722087144851685
170000 	32.36222577095032
180000 	33.92457699775696
190000 	35.418792963027954
200000 	37.1177933216095
300000 	58.13288164138794
400000 	81.56779861450195
500000 	98.55906224250793
600000 	119.7017867565155
700000 	144.30069041252136
800000 	161.39911937713623
900000 	178.7909529209137
1000000 	195.5817506313324
1100000 	216.6343493461609
1200000 	239.05827975273132
1300000 	258.10533380508423
1400000 	277.76574325561523
1500000 	302.4570348262787
1600000 	329.13494062423706
1700000 	354.5090436935425
1800000 	372.3915982246399
1900000 	390.2929663658142
2000000 	411.3750298023224
3000000 	656.7940330505371
4000000 	943.8877801895142
5000000 	1218.4588413238525
6000000 	1476.641904592514
7000000 	1513.5405509471893
8000000 	1541.2912211418152
9000000 	0
10000000 	0
