10 	0.03145241737365723
20 	0.031465768814086914
30 	0.0314786434173584
40 	0.03149080276489258
50 	0.03150296211242676
60 	0.031522274017333984
70 	0.031534671783447266
80 	0.03154730796813965
90 	0.03155922889709473
100 	0.03157210350036621
200 	0.03170204162597656
300 	0.03183293342590332
400 	0.03196406364440918
500 	0.032103776931762695
600 	0.03223443031311035
700 	0.03236579895019531
800 	0.03249645233154297
900 	0.03262686729431152
1000 	0.03275704383850098
2000 	0.034091949462890625
3000 	0.07221150398254395
4000 	0.07353949546813965
5000 	0.10020613670349121
6000 	0.10152125358581543
7000 	0.13451766967773438
8000 	0.13584136962890625
9000 	0.1777663230895996
10000 	0.1791083812713623
11000 	0.20871567726135254
12000 	0.210036039352417
13000 	0.23701238632202148
14000 	0.23833990097045898
15000 	0.26977086067199707
17500 	0.3021085262298584
20000 	0.3446316719055176
22500 	0.41574859619140625
25000 	0.44866394996643066
30000 	0.5156221389770508
35000 	0.6176595687866211
40000 	0.678363561630249
45000 	0.7790846824645996
50000 	0.8510491847991943
60000 	1.032740592956543
70000 	1.1979079246520996
80000 	1.3571054935455322
90000 	1.5210342407226562
100000 	1.680246114730835
110000 	1.849902868270874
120000 	2.0210437774658203
130000 	2.2110602855682373
140000 	2.370833158493042
150000 	2.5408027172088623
160000 	2.683335304260254
170000 	2.838489055633545
180000 	2.9959869384765625
190000 	3.1925294399261475
200000 	3.451021432876587
300000 	5.618577003479004
400000 	7.538835287094116
500000 	9.691234827041626
600000 	0
700000 	0
800000 	0
900000 	0
1000000 	0
1100000 	0
1200000 	0
1300000 	0
1400000 	0
1500000 	0
1600000 	0
1700000 	0
1800000 	0
1900000 	0
2000000 	0
3000000 	0
4000000 	0
5000000 	0
6000000 	0
7000000 	0
8000000 	0
9000000 	0
10000000 	0
