10 	0.46100807189941406
20 	0.46103668212890625
30 	0.4610629081726074
40 	0.4610884189605713
50 	0.46111440658569336
60 	0.46115732192993164
70 	0.461184024810791
80 	0.4612102508544922
90 	0.46123647689819336
100 	0.46126246452331543
200 	0.46153855323791504
300 	0.46181583404541016
400 	0.4621012210845947
500 	0.46237897872924805
600 	0.46265530586242676
700 	0.46291494369506836
800 	0.46317338943481445
900 	0.4634373188018799
1000 	0.4636952877044678
2000 	0.46640920639038086
3000 	0.9476888179779053
4000 	0.949162483215332
5000 	1.5809764862060547
6000 	1.582425832748413
7000 	2.0975124835968018
8000 	2.098975419998169
9000 	2.4356815814971924
10000 	2.437119960784912
11000 	2.659031867980957
12000 	2.6604535579681396
13000 	2.915001392364502
14000 	2.9164390563964844
15000 	3.397275924682617
17500 	3.8143956661224365
20000 	4.132819175720215
22500 	4.70927619934082
25000 	4.863769054412842
30000 	5.144554615020752
35000 	5.587648391723633
40000 	5.888979911804199
45000 	6.3037519454956055
50000 	6.591609716415405
60000 	7.299999952316284
70000 	7.993786096572876
80000 	8.71131944656372
90000 	9.393767833709717
100000 	10.072803974151611
110000 	11.424185991287231
120000 	13.683777809143066
130000 	15.10391616821289
140000 	16.630073070526123
150000 	17.289397478103638
160000 	17.9763503074646
170000 	18.704195976257324
180000 	20.00260615348816
190000 	21.335132837295532
200000 	22.01017475128174
300000 	32.0908989906311
400000 	45.57157492637634
500000 	53.19189953804016
600000 	63.513413190841675
700000 	73.11146950721741
800000 	81.22724723815918
900000 	91.19142603874207
1000000 	98.75920939445496
1100000 	108.1006190776825
1200000 	115.15144062042236
1300000 	121.99168634414673
1400000 	135.73079204559326
1500000 	143.6551866531372
1600000 	154.4731481075287
1700000 	163.89412784576416
1800000 	171.1882562637329
1900000 	181.86009430885315
2000000 	196.67011952400208
3000000 	306.93508887290955
4000000 	406.2132203578949
5000000 	0
6000000 	0
7000000 	0
8000000 	0
9000000 	0
10000000 	0
