10 	0.029451608657836914
20 	0.0294649600982666
30 	0.029477357864379883
40 	0.029489755630493164
50 	0.029502153396606445
60 	0.02951979637145996
70 	0.029532432556152344
80 	0.029544830322265625
90 	0.029556989669799805
100 	0.029569625854492188
200 	0.02970123291015625
300 	0.029833316802978516
400 	0.029966115951538086
500 	0.03009772300720215
600 	0.030229568481445312
700 	0.03036975860595703
800 	0.030508995056152344
900 	0.0306396484375
1000 	0.030770301818847656
2000 	0.0321044921875
3000 	0.07307052612304688
4000 	0.07440996170043945
5000 	0.12360286712646484
6000 	0.12494087219238281
7000 	0.1658616065979004
8000 	0.16720128059387207
9000 	0.2214977741241455
10000 	0.2228386402130127
11000 	0.26903343200683594
12000 	0.2703719139099121
13000 	0.3242197036743164
14000 	0.32556891441345215
15000 	0.36465954780578613
17500 	0.40134477615356445
20000 	0.46247434616088867
22500 	0.5335593223571777
25000 	0.5846443176269531
30000 	0.6832699775695801
35000 	0.8132193088531494
40000 	0.9031555652618408
45000 	1.0364670753479004
50000 	1.1158006191253662
60000 	1.3863062858581543
70000 	1.6193654537200928
80000 	1.8381123542785645
90000 	2.073726177215576
100000 	2.313659191131592
110000 	2.5195655822753906
120000 	2.7278828620910645
130000 	2.9764785766601562
140000 	3.1927223205566406
150000 	3.4287219047546387
160000 	3.626523017883301
170000 	3.853633165359497
180000 	4.090989828109741
190000 	4.340277910232544
200000 	4.539544343948364
300000 	6.744163274765015
400000 	9.061923265457153
500000 	11.298982620239258
600000 	13.593169927597046
700000 	15.922342777252197
800000 	18.230473279953003
900000 	20.7497615814209
1000000 	24.60646677017212
1100000 	0
1200000 	0
1300000 	0
1400000 	0
1500000 	0
1600000 	0
1700000 	0
1800000 	0
1900000 	0
2000000 	0
3000000 	0
4000000 	0
5000000 	0
6000000 	0
7000000 	0
8000000 	0
9000000 	0
10000000 	0
