10 	0.18805170059204102
20 	0.18806815147399902
30 	0.18808197975158691
40 	0.18809938430786133
50 	0.18811464309692383
60 	0.18814969062805176
70 	0.18816256523132324
80 	0.18817567825317383
90 	0.18819046020507812
100 	0.18820428848266602
200 	0.18834805488586426
300 	0.1884913444519043
400 	0.18863248825073242
500 	0.18877315521240234
600 	0.18891382217407227
700 	0.1890556812286377
800 	0.18920564651489258
900 	0.1893479824066162
1000 	0.18948721885681152
2000 	0.19091129302978516
3000 	0.3665487766265869
4000 	0.3679769039154053
5000 	0.5300688743591309
6000 	0.5314857959747314
7000 	0.687366247177124
8000 	0.6887621879577637
9000 	0.8197567462921143
10000 	0.8211722373962402
11000 	1.0213046073913574
12000 	1.0227227210998535
13000 	1.3252339363098145
14000 	1.326676607131958
15000 	1.621217966079712
17500 	2.191206932067871
20000 	2.95788836479187
22500 	3.658747911453247
25000 	4.292412042617798
30000 	5.079607963562012
35000 	5.7437474727630615
40000 	6.129034519195557
45000 	6.647578477859497
50000 	7.179309368133545
60000 	7.8335161209106445
70000 	9.049712181091309
80000 	9.896871566772461
90000 	11.102140188217163
100000 	11.92621660232544
110000 	12.754242897033691
120000 	13.792866468429565
130000 	15.887614488601685
140000 	17.773308515548706
150000 	20.028534650802612
160000 	21.86537003517151
170000 	23.80316710472107
180000 	25.672008514404297
190000 	28.342260599136353
200000 	29.826246738433838
300000 	43.66524791717529
400000 	52.005709409713745
500000 	64.19637775421143
600000 	75.62583756446838
700000 	87.64724802970886
800000 	98.0566794872284
900000 	111.05889511108398
1000000 	125.11086511611938
1100000 	136.87714219093323
1200000 	141.49378871917725
1300000 	148.4055690765381
1400000 	156.06595373153687
1500000 	168.11908960342407
1600000 	176.77407908439636
1700000 	184.79271292686462
1800000 	191.4081003665924
1900000 	201.6968069076538
2000000 	219.50514888763428
3000000 	326.42723321914673
4000000 	444.8536698818207
5000000 	0
6000000 	0
7000000 	0
8000000 	0
9000000 	0
10000000 	0
