10 	0.029227733612060547
20 	0.02926182746887207
30 	0.029291391372680664
40 	0.029320716857910156
50 	0.02935028076171875
60 	0.029404640197753906
70 	0.0294342041015625
80 	0.029464006423950195
90 	0.029493331909179688
100 	0.029523611068725586
200 	0.02983546257019043
300 	0.030160903930664062
400 	0.030476808547973633
500 	0.03080296516418457
600 	0.03112649917602539
700 	0.03143882751464844
800 	0.03174996376037598
900 	0.032073259353637695
1000 	0.03238677978515625
2000 	0.03558802604675293
3000 	0.0658731460571289
4000 	0.06845617294311523
5000 	0.10318684577941895
6000 	0.10638260841369629
7000 	0.1361534595489502
8000 	0.13871169090270996
9000 	0.17371845245361328
10000 	0.17647957801818848
11000 	0.20255136489868164
12000 	0.205108642578125
13000 	0.2327108383178711
14000 	0.2358107566833496
15000 	0.26587510108947754
17500 	0.2987191677093506
20000 	0.3281288146972656
22500 	0.384610652923584
25000 	0.41732263565063477
30000 	0.47280383110046387
35000 	0.5535283088684082
40000 	0.6154935359954834
45000 	0.7005338668823242
50000 	0.7643024921417236
60000 	0.9153017997741699
70000 	1.07645583152771
80000 	1.235041856765747
90000 	1.374340534210205
100000 	1.5299110412597656
110000 	1.6781373023986816
120000 	1.8253929615020752
130000 	1.971752405166626
140000 	2.114858865737915
150000 	2.2837436199188232
160000 	2.433809280395508
170000 	2.603135347366333
180000 	2.7831807136535645
190000 	2.943438768386841
200000 	3.1100292205810547
300000 	4.779796838760376
400000 	6.828989744186401
500000 	8.772237539291382
600000 	10.545703887939453
700000 	12.085819482803345
800000 	13.725930213928223
900000 	15.070911169052124
1000000 	15.807178258895874
1100000 	0
1200000 	0
1300000 	0
1400000 	0
1500000 	0
1600000 	0
1700000 	0
1800000 	0
1900000 	0
2000000 	0
3000000 	0
4000000 	0
5000000 	0
6000000 	0
7000000 	0
8000000 	0
9000000 	0
10000000 	0
