10 	1.3831593990325928
20 	1.3831758499145508
30 	1.3831908702850342
40 	1.383204460144043
50 	1.3832178115844727
60 	1.383241891860962
70 	1.3832552433013916
80 	1.3832683563232422
90 	1.3832817077636719
100 	1.3832952976226807
200 	1.3834590911865234
300 	1.383606195449829
400 	1.3837518692016602
500 	1.38389253616333
600 	1.3840465545654297
700 	1.3841960430145264
800 	1.3843374252319336
900 	1.3844914436340332
1000 	1.3846371173858643
2000 	1.3860692977905273
3000 	3.2199065685272217
4000 	3.221384048461914
5000 	7.589780569076538
6000 	7.593232154846191
7000 	9.22486424446106
8000 	9.227332353591919
9000 	12.580067873001099
10000 	12.58325982093811
11000 	13.912436962127686
12000 	13.913877964019775
13000 	14.452341079711914
14000 	14.453798055648804
15000 	15.949841499328613
17500 	17.595524311065674
20000 	19.08591890335083
22500 	25.281330823898315
25000 	27.9219651222229
30000 	30.46222734451294
35000 	34.26403784751892
40000 	35.60764694213867
45000 	35.77892780303955
50000 	35.89771485328674
60000 	38.54906487464905
70000 	44.38701510429382
80000 	48.098928689956665
90000 	51.825374364852905
100000 	58.84469032287598
110000 	68.8615174293518
120000 	80.38935947418213
130000 	96.08719277381897
140000 	103.5155234336853
150000 	117.81639885902405
160000 	129.72626161575317
170000 	144.13554000854492
180000 	155.90527534484863
190000 	167.65269875526428
200000 	176.8353626728058
300000 	227.01352548599243
400000 	251.37398958206177
500000 	282.9445345401764
600000 	307.95556354522705
700000 	355.74735045433044
800000 	448.67511558532715
900000 	529.8979148864746
1000000 	557.728080034256
1100000 	586.9945113658905
1200000 	722.4722807407379
1300000 	826.2563338279724
1400000 	901.3351728916168
1500000 	928.463547706604
1600000 	1006.1586954593658
1700000 	0
1800000 	0
1900000 	0
2000000 	0
3000000 	0
4000000 	0
5000000 	0
6000000 	0
7000000 	0
8000000 	0
9000000 	0
10000000 	0
