10 	1.0752997398376465
20 	1.0753142833709717
30 	1.0753271579742432
40 	1.0753397941589355
50 	1.0753517150878906
60 	1.07537841796875
70 	1.0753908157348633
80 	1.0754032135009766
90 	1.0754153728485107
100 	1.0754280090332031
200 	1.0755603313446045
300 	1.075695514678955
400 	1.0758297443389893
500 	1.0759637355804443
600 	1.0761001110076904
700 	1.0762357711791992
800 	1.0763790607452393
900 	1.076521873474121
1000 	1.0766561031341553
2000 	1.0780258178710938
3000 	2.277682304382324
4000 	2.2790415287017822
5000 	3.7035939693450928
6000 	3.7049546241760254
7000 	5.250127553939819
8000 	5.251469850540161
9000 	6.494744777679443
10000 	6.4960808753967285
11000 	7.705805063247681
12000 	7.707152605056763
13000 	8.854183435440063
14000 	8.855532169342041
15000 	10.162393569946289
17500 	11.456390380859375
20000 	12.667916059494019
22500 	15.276602268218994
25000 	16.625173091888428
30000 	22.424394130706787
35000 	30.509281873703003
40000 	32.92170286178589
45000 	37.590341567993164
50000 	41.78366827964783
60000 	48.00212001800537
70000 	57.25680327415466
80000 	71.12710523605347
90000 	82.91644263267517
100000 	91.88257789611816
110000 	97.84504961967468
120000 	110.2351427078247
130000 	122.12111830711365
140000 	128.051016330719
150000 	134.4532105922699
160000 	141.2298617362976
170000 	149.65118312835693
180000 	157.37103176116943
190000 	166.42255473136902
200000 	172.821368932724
300000 	243.4428939819336
400000 	318.0677809715271
500000 	394.37810039520264
600000 	489.82483673095703
700000 	549.6990060806274
800000 	604.5588285923004
900000 	650.2672002315521
1000000 	696.1280539035797
1100000 	742.9165098667145
1200000 	789.624794960022
1300000 	836.4574987888336
1400000 	881.9099061489105
1500000 	927.6979470252991
1600000 	974.2616794109344
1700000 	1080.2062001228333
1800000 	1204.1264815330505
1900000 	1327.6851859092712
2000000 	1424.9704546928406
3000000 	0
4000000 	0
5000000 	0
6000000 	0
7000000 	0
8000000 	0
9000000 	0
10000000 	0
