10 	0.6445478598
20 	0.6445635955
30 	0.6445777416
40 	0.6445913315
50 	0.6446053982
60 	0.6446307500
70 	0.6446443399
80 	0.6446577708
90 	0.6446710428
100 	0.6446859042
200 	0.6448311011
300 	0.6449712912
400 	0.6451133887
500 	0.6452579498
600 	0.6453983784
700 	0.6455439727
800 	0.6456835270
900 	0.6458272139
1000 	0.6459670862
2000 	0.6473771731
3000 	1.2415623665
4000 	1.2429716587
5000 	1.7149087588
6000 	1.7163042227
7000 	2.1535373529
8000 	2.1549379826
9000 	2.6505184968
10000 	2.6519209544
11000 	3.2196230094
12000 	3.2210388978
13000 	3.8064346313
14000 	3.8078413804
15000 	4.4147288799
17500 	5.0098348459
20000 	5.5942197641
22500 	6.6678396861
25000 	7.1995173295
30000 	8.3246908983
35000 	9.8799323241
40000 	11.0657435258
45000 	12.5208225250
50000 	13.6778900623
60000 	16.5068320433
70000 	19.3200617631
80000 	21.3075861136
90000 	23.5961859226
100000 	26.2866005898
110000 	28.8020041784
120000 	30.9676582813
130000 	33.7911619345
140000 	36.2019442717
150000 	38.4694728057
160000 	40.7580141226
170000 	42.8240808646
180000 	45.4860828718
190000 	47.9656376839
200000 	50.8250774542
300000 	78.8335095247
400000 	107.1705627441
500000 	135.8487256368
600000 	165.7854770819
700000 	194.2573659420
800000 	224.2175784906
900000 	251.2395215829
1000000 	280.9762005806
1100000 	309.5229676565
1200000 	339.5941421191
1300000 	370.5773212910
1400000 	400.5665135384
1500000 	428.2008750439
1600000 	456.3135294120
1700000 	0.0000000000
1800000 	0.0000000000
1900000 	0.0000000000
2000000 	0.0000000000
3000000 	0.0000000000
4000000 	0.0000000000
5000000 	0.0000000000
6000000 	0.0000000000
7000000 	0.0000000000
8000000 	0.0000000000
9000000 	0.0000000000
10000000 	0.0000000000
