10 	0.5565774133567183
20 	0.5566091381986068
30 	0.5566365392347223
40 	0.5566613821035283
50 	0.5566817374089521
60 	0.5567108358174316
70 	0.5567275951835226
80 	0.5567573826793311
90 	0.5567708900934778
100 	0.5567830161461932
200 	0.5568652284500878
300 	0.5568938728097301
400 	0.5569047490036044
500 	0.5569086933849767
600 	0.5569100980032913
700 	0.5569106182707325
800 	0.5569108120360933
900 	0.5569108811475183
1000 	0.5569109069915722
2000 	0.556910921910521
3000 	0.5569109226052261
4000 	0.5569109226052261
5000 	0.5569109226052261
6000 	0.5569109226052261
7000 	0.5569109226052261
8000 	0.5569109226052261
9000 	0.5569109226052261
10000 	0.5569109226052261
11000 	0.5569109226052261
12000 	0.5569109226052261
13000 	0.5569109226052261
14000 	0.5569109226052261
15000 	0.5569109226052261
17500 	0.5569109226052261
20000 	0.5569109226052261
22500 	0.5569109226052261
25000 	0.5569109226052261
30000 	0.5569109226052261
35000 	0.5569109226052261
40000 	0.5569109226052261
45000 	0.5569109226052261
50000 	0.5569109226052261
60000 	0.5569109226052261
70000 	0.5569109226052261
80000 	0.5569109226052261
90000 	0.5569109226052261
100000 	0.5569109226052261
110000 	0.5569109226052261
120000 	0.5569109226052261
130000 	0.5569109226052261
140000 	0.5569109226052261
150000 	0.5569109226052261
160000 	0.5569109226052261
170000 	0.5569109226052261
180000 	0.5569109226052261
190000 	0.5569109226052261
200000 	0.5569109226052261
300000 	0.5569109226052261
400000 	0.5569109226052261
500000 	0.5569109226052261
600000 	0.5569109226052261
700000 	0.5569109226052261
800000 	0.5569109226052261
900000 	0.5569109226052261
1000000 	0.5569109226052261
1100000 	0.5569109226052261
1200000 	0.5569109226052261
1300000 	0.5569109226052261
1400000 	0.5569109226052261
1500000 	0.5569109226052261
1600000 	0.5569109226052261
1700000 	0.5569109226052261
1800000 	0.5569109226052261
1900000 	0.5569109226052261
2000000 	0.5569109226052261
3000000 	0.5569109226052261
4000000 	0.5569109226052261
5000000 	0
6000000 	0
7000000 	0
8000000 	0
9000000 	0
10000000 	0
