10 	0.7309926444877354
20 	0.7310047441490866
30 	0.7310143243559938
40 	0.7310228189126807
50 	0.7310320212402254
60 	0.7310481068982719
70 	0.7310545119382857
80 	0.731060080047361
90 	0.7310653208760781
100 	0.7310700670228595
200 	0.7311001081901831
300 	0.7311111849783737
400 	0.7311155225246508
500 	0.7311170454984681
600 	0.7311175988952322
700 	0.7311178029059348
800 	0.7311178768620189
900 	0.7311179045575588
1000 	0.7311179144300324
2000 	0.731117920293179
3000 	0.7311179212529818
4000 	0.7311179212529818
5000 	0.7311179212529818
6000 	0.7311179212529818
7000 	0.7311179212529818
8000 	0.7311179212529818
9000 	0.7311179212529818
10000 	0.7311179212529818
11000 	0.7311179212529818
12000 	0.7311179212529818
13000 	0.7311179212529818
14000 	0.7311179212529818
15000 	0.7311179212529818
17500 	0.7311179212529818
20000 	0.7311179212529818
22500 	0.7311179212529818
25000 	0.7311179212529818
30000 	0.7311179212529818
35000 	0.7311179212529818
40000 	0.7311179212529818
45000 	0.7311179212529818
50000 	0.7311179212529818
60000 	0.7311179212529818
70000 	0.7311179212529818
80000 	0.7311179212529818
90000 	0.7311179212529818
100000 	0.7311179212529818
110000 	0.7311179212529818
120000 	0.7311179212529818
130000 	0.7311179212529818
140000 	0.7311179212529818
150000 	0.7311179212529818
160000 	0.7311179212529818
170000 	0.7311179212529818
180000 	0.7311179212529818
190000 	0.7311179212529818
200000 	0.7311179212529818
300000 	0.7311179212529818
400000 	0.7311179212529818
500000 	0.7311179212529818
600000 	0.7311179212529818
700000 	0.7311179212529818
800000 	0.7311179212529818
900000 	0.7311179212529818
1000000 	0.7311179212529818
1100000 	0.7311179212529818
1200000 	0.7311179212529818
1300000 	0.7311179212529818
1400000 	0.7311179212529818
1500000 	0.7311179212529818
1600000 	0.7311179212529818
1700000 	0.7311179212529818
1800000 	0.7311179212529818
1900000 	0.7311179212529818
2000000 	0.7311179212529818
3000000 	0.7311179212529818
4000000 	0.7311179212529818
5000000 	0
6000000 	0
7000000 	0
8000000 	0
9000000 	0
10000000 	0
