10 	0.01687276128775776
20 	0.016884208204896504
30 	0.016893606414582117
40 	0.016902097699826965
50 	0.01690962514360226
60 	0.01692070013675243
70 	0.016926855681496846
80 	0.01693265174247299
90 	0.016937790918588817
100 	0.016942532512378594
200 	0.016973940654667546
300 	0.016985085868637003
400 	0.0169892603931397
500 	0.016990873317634023
600 	0.016991436386773712
700 	0.016991635997038356
800 	0.016991710011247788
900 	0.016991736790953896
1000 	0.01699174652868653
2000 	0.01699175249722897
3000 	0.01699175252157381
4000 	0.01699175252157381
5000 	0.01699175252157381
6000 	0.01699175252157381
7000 	0.01699175252157381
8000 	0.01699175252157381
9000 	0.01699175252157381
10000 	0.01699175252157381
11000 	0.01699175252157381
12000 	0.01699175252157381
13000 	0.01699175252157381
14000 	0.01699175252157381
15000 	0.01699175252157381
17500 	0.01699175252157381
20000 	0.01699175252157381
22500 	0.01699175252157381
25000 	0.01699175252157381
30000 	0.01699175252157381
35000 	0.01699175252157381
40000 	0.01699175252157381
45000 	0.01699175252157381
50000 	0.01699175252157381
60000 	0.01699175252157381
70000 	0.01699175252157381
80000 	0.01699175252157381
90000 	0.01699175252157381
100000 	0.01699175252157381
110000 	0.01699175252157381
120000 	0.01699175252157381
130000 	0.01699175252157381
140000 	0.01699175252157381
150000 	0.01699175252157381
160000 	0.01699175252157381
170000 	0.01699175252157381
180000 	0.01699175252157381
190000 	0.01699175252157381
200000 	0.01699175252157381
300000 	0.01699175252157381
400000 	0.01699175252157381
500000 	0.01699175252157381
600000 	0.01699175252157381
700000 	0.01699175252157381
800000 	0.01699175252157381
900000 	0.01699175252157381
1000000 	0.01699175252157381
1100000 	0
1200000 	0
1300000 	0
1400000 	0
1500000 	0
1600000 	0
1700000 	0
1800000 	0
1900000 	0
2000000 	0
3000000 	0
4000000 	0
5000000 	0
6000000 	0
7000000 	0
8000000 	0
9000000 	0
10000000 	0
