10 	0.5218295291586272
20 	0.5218416080177262
30 	0.521851193585331
40 	0.5218598577193575
50 	0.5218675430634759
60 	0.5218826096880239
70 	0.5218887652327683
80 	0.5218945601604457
90 	0.5218998049674317
100 	0.521904641072331
200 	0.5219350352423993
300 	0.5219461817485188
400 	0.5219503164789835
500 	0.5219518096331446
600 	0.5219523599883016
700 	0.5219525873103561
800 	0.5219526613410788
900 	0.5219526883494453
1000 	0.5219526983221534
2000 	0.5219527040240446
3000 	0.5219527050166095
4000 	0.5219527050166095
5000 	0.5219527050166095
6000 	0.5219527050166095
7000 	0.5219527050166095
8000 	0.5219527050166095
9000 	0.5219527050166095
10000 	0.5219527050166095
11000 	0.5219527050166095
12000 	0.5219527050166095
13000 	0.5219527050166095
14000 	0.5219527050166095
15000 	0.5219527050166095
17500 	0.5219527050166095
20000 	0.5219527050166095
22500 	0.5219527050166095
25000 	0.5219527050166095
30000 	0.5219527050166095
35000 	0.5219527050166095
40000 	0.5219527050166095
45000 	0.5219527050166095
50000 	0.5219527050166095
60000 	0.5219527050166095
70000 	0.5219527050166095
80000 	0.5219527050166095
90000 	0.5219527050166095
100000 	0.5219527050166095
110000 	0.5219527050166095
120000 	0.5219527050166095
130000 	0.5219527050166095
140000 	0.5219527050166095
150000 	0.5219527050166095
160000 	0.5219527050166095
170000 	0.5219527050166095
180000 	0.5219527050166095
190000 	0.5219527050166095
200000 	0.5219527050166095
300000 	0.5219527050166095
400000 	0.5219527050166095
500000 	0.5219527050166095
600000 	0.5219527050166095
700000 	0.5219527050166095
800000 	0.5219527050166095
900000 	0.5219527050166095
1000000 	0.5219527050166095
1100000 	0.5219527050166095
1200000 	0.5219527050166095
1300000 	0.5219527050166095
1400000 	0.5219527050166095
1500000 	0.5219527050166095
1600000 	0.5219527050166095
1700000 	0.5219527050166095
1800000 	0.5219527050166095
1900000 	0.5219527050166095
2000000 	0.5219527050166095
3000000 	0.5219527050166095
4000000 	0.5219527050166095
5000000 	0.5219527050166095
6000000 	0
7000000 	0
8000000 	0
9000000 	0
10000000 	0
