10 	0.5152699617305441
20 	0.5152820530221459
30 	0.5152914568338371
40 	0.5153003021212367
50 	0.5153079860838772
60 	0.5153220684209437
70 	0.5153282276883271
80 	0.5153343658926919
90 	0.515339603624861
100 	0.5153443460438778
200 	0.5153744116362299
300 	0.515385360788151
400 	0.5153897948926788
500 	0.5153915049004811
600 	0.5153920524819436
700 	0.5153922542999465
800 	0.5153923270493941
900 	0.5153923538338618
1000 	0.5153923636180282
2000 	0.5153923694542184
3000 	0.5153923707783262
4000 	0.5153923707783262
5000 	0.5153923707783262
6000 	0.5153923707783262
7000 	0.5153923707783262
8000 	0.5153923707783262
9000 	0.5153923707783262
10000 	0.5153923707783262
11000 	0.5153923707783262
12000 	0.5153923707783262
13000 	0.5153923707783262
14000 	0.5153923707783262
15000 	0.5153923707783262
17500 	0.5153923707783262
20000 	0.5153923707783262
22500 	0.5153923707783262
25000 	0.5153923707783262
30000 	0.5153923707783262
35000 	0.5153923707783262
40000 	0.5153923707783262
45000 	0.5153923707783262
50000 	0.5153923707783262
60000 	0.5153923707783262
70000 	0.5153923707783262
80000 	0.5153923707783262
90000 	0.5153923707783262
100000 	0.5153923707783262
110000 	0.5153923707783262
120000 	0.5153923707783262
130000 	0.5153923707783262
140000 	0.5153923707783262
150000 	0.5153923707783262
160000 	0.5153923707783262
170000 	0.5153923707783262
180000 	0.5153923707783262
190000 	0.5153923707783262
200000 	0.5153923707783262
300000 	0.5153923707783262
400000 	0.5153923707783262
500000 	0.5153923707783262
600000 	0.5153923707783262
700000 	0.5153923707783262
800000 	0.5153923707783262
900000 	0.5153923707783262
1000000 	0.5153923707783262
1100000 	0.5153923707783262
1200000 	0.5153923707783262
1300000 	0.5153923707783262
1400000 	0.5153923707783262
1500000 	0.5153923707783262
1600000 	0.5153923707783262
1700000 	0.5153923707783262
1800000 	0.5153923707783262
1900000 	0.5153923707783262
2000000 	0.5153923707783262
3000000 	0.5153923707783262
4000000 	0.5153923707783262
5000000 	0.5153923707783262
6000000 	0.5153923707783262
7000000 	0.5153923707783262
8000000 	0.5153923707783262
9000000 	0
10000000 	0
