10 	0.035657756123559474
20 	0.03567007741256648
30 	0.03567947957401128
40 	0.03568797914638814
50 	0.03569567048301388
60 	0.03571131810130994
70 	0.035717598958022095
80 	0.035723283785795514
90 	0.03572852971028718
100 	0.03573336587943592
200 	0.035763075041916864
300 	0.03577411792035009
400 	0.03577814566148487
500 	0.03577960873483469
600 	0.03578018801116572
700 	0.03578038662060196
800 	0.03578045833505789
900 	0.0357804859431142
1000 	0.03578049552293743
2000 	0.035780501133639765
3000 	0.03578050120102516
4000 	0.03578050120102516
5000 	0.03578050120102516
6000 	0.03578050120102516
7000 	0.03578050120102516
8000 	0.03578050120102516
9000 	0.03578050120102516
10000 	0.03578050120102516
11000 	0.03578050120102516
12000 	0.03578050120102516
13000 	0.03578050120102516
14000 	0.03578050120102516
15000 	0.03578050120102516
17500 	0.03578050120102516
20000 	0.03578050120102516
22500 	0.03578050120102516
25000 	0.03578050120102516
30000 	0.03578050120102516
35000 	0.03578050120102516
40000 	0.03578050120102516
45000 	0.03578050120102516
50000 	0.03578050120102516
60000 	0.03578050120102516
70000 	0.03578050120102516
80000 	0.03578050120102516
90000 	0.03578050120102516
100000 	0.03578050120102516
110000 	0.03578050120102516
120000 	0.03578050120102516
130000 	0.03578050120102516
140000 	0.03578050120102516
150000 	0.03578050120102516
160000 	0.03578050120102516
170000 	0.03578050120102516
180000 	0.03578050120102516
190000 	0.03578050120102516
200000 	0.03578050120102516
300000 	0.03578050120102516
400000 	0.03578050120102516
500000 	0.03578050120102516
600000 	0
700000 	0
800000 	0
900000 	0
1000000 	0
1100000 	0
1200000 	0
1300000 	0
1400000 	0
1500000 	0
1600000 	0
1700000 	0
1800000 	0
1900000 	0
2000000 	0
3000000 	0
4000000 	0
5000000 	0
6000000 	0
7000000 	0
8000000 	0
9000000 	0
10000000 	0
