10 	1.064546068158931
20 	1.0645585944634965
30 	1.064568543766996
40 	1.064577372278157
50 	1.0645849058348857
60 	1.064600545151566
70 	1.0646069551066863
80 	1.0646127523356517
90 	1.0646178946285076
100 	1.064622739022145
200 	1.0646534655577784
300 	1.0646648507311187
400 	1.0646690061146762
500 	1.0646705177655296
600 	1.0646710818652243
700 	1.0646712877756732
800 	1.0646713687252902
900 	1.0646713978098885
1000 	1.064671407765817
2000 	1.0646714136018849
3000 	1.0646714158131172
4000 	1.0646714158131172
5000 	1.0646714158131172
6000 	1.0646714158131172
7000 	1.0646714158131172
8000 	1.0646714158131172
9000 	1.0646714158131172
10000 	1.0646714158131172
11000 	1.0646714158131172
12000 	1.0646714158131172
13000 	1.0646714158131172
14000 	1.0646714158131172
15000 	1.0646714158131172
17500 	1.0646714158131172
20000 	1.0646714158131172
22500 	1.0646714158131172
25000 	1.0646714158131172
30000 	1.0646714158131172
35000 	1.0646714158131172
40000 	1.0646714158131172
45000 	1.0646714158131172
50000 	1.0646714158131172
60000 	1.0646714158131172
70000 	1.0646714158131172
80000 	1.0646714158131172
90000 	1.0646714158131172
100000 	1.0646714158131172
110000 	1.0646714158131172
120000 	1.0646714158131172
130000 	1.0646714158131172
140000 	1.0646714158131172
150000 	1.0646714158131172
160000 	1.0646714158131172
170000 	1.0646714158131172
180000 	1.0646714158131172
190000 	1.0646714158131172
200000 	1.0646714158131172
300000 	1.0646714158131172
400000 	1.0646714158131172
500000 	1.0646714158131172
600000 	1.0646714158131172
700000 	1.0646714158131172
800000 	1.0646714158131172
900000 	1.0646714158131172
1000000 	1.0646714158131172
1100000 	1.0646714158131172
1200000 	1.0646714158131172
1300000 	1.0646714158131172
1400000 	1.0646714158131172
1500000 	1.0646714158131172
1600000 	1.0646714158131172
1700000 	1.0646714158131172
1800000 	1.0646714158131172
1900000 	1.0646714158131172
2000000 	1.0646714158131172
3000000 	0
4000000 	0
5000000 	0
6000000 	0
7000000 	0
8000000 	0
9000000 	0
10000000 	0
