10 	0.07575645243482067
20 	0.0757687593050032
30 	0.07577833567126205
40 	0.07578665734442305
50 	0.07579433828928149
60 	0.07580913596952821
70 	0.07581529395860287
80 	0.07582109226532448
90 	0.0758262365884749
100 	0.07583117196988327
200 	0.07586142842743848
300 	0.07587249298398108
400 	0.07587653903969281
500 	0.07587809322788096
600 	0.07587863884536057
700 	0.07587883655148343
800 	0.07587890913242537
900 	0.07587893567826728
1000 	0.075878945294531
2000 	0.07587895095155738
3000 	0.075878951010288
4000 	0.075878951010288
5000 	0.075878951010288
6000 	0.075878951010288
7000 	0.075878951010288
8000 	0.075878951010288
9000 	0.075878951010288
10000 	0.075878951010288
11000 	0.075878951010288
12000 	0.075878951010288
13000 	0.075878951010288
14000 	0.075878951010288
15000 	0.075878951010288
17500 	0.075878951010288
20000 	0.075878951010288
22500 	0.075878951010288
25000 	0.075878951010288
30000 	0.075878951010288
35000 	0.075878951010288
40000 	0.075878951010288
45000 	0.075878951010288
50000 	0.075878951010288
60000 	0.075878951010288
70000 	0.075878951010288
80000 	0.075878951010288
90000 	0.075878951010288
100000 	0.075878951010288
110000 	0.075878951010288
120000 	0.075878951010288
130000 	0.075878951010288
140000 	0.075878951010288
150000 	0.075878951010288
160000 	0.075878951010288
170000 	0.075878951010288
180000 	0.075878951010288
190000 	0.075878951010288
200000 	0.075878951010288
300000 	0.075878951010288
400000 	0
500000 	0
600000 	0
700000 	0
800000 	0
900000 	0
1000000 	0
1100000 	0
1200000 	0
1300000 	0
1400000 	0
1500000 	0
1600000 	0
1700000 	0
1800000 	0
1900000 	0
2000000 	0
3000000 	0
4000000 	0
5000000 	0
6000000 	0
7000000 	0
8000000 	0
9000000 	0
10000000 	0
