10 	1.3693268625449897
20 	1.3693410302283957
30 	1.369352681157403
40 	1.369362192509356
50 	1.3693706335328102
60 	1.3693846851020486
70 	1.3693915878071516
80 	1.369397718270318
90 	1.3694033661419485
100 	1.3694085667431
200 	1.3694461049371378
300 	1.3694584715309996
400 	1.369462970408784
500 	1.369464565796225
600 	1.3694651938036546
700 	1.369465425989152
800 	1.3694655042755441
900 	1.3694655354726357
1000 	1.36946554628836
2000 	1.3694655523333092
3000 	1.3694655557145219
4000 	1.3694655557145219
5000 	1.3694655557145219
6000 	1.3694655557145219
7000 	1.3694655557145219
8000 	1.3694655557145219
9000 	1.3694655557145219
10000 	1.3694655557145219
11000 	1.3694655557145219
12000 	1.3694655557145219
13000 	1.3694655557145219
14000 	1.3694655557145219
15000 	1.3694655557145219
17500 	1.3694655557145219
20000 	1.3694655557145219
22500 	1.3694655557145219
25000 	1.3694655557145219
30000 	1.3694655557145219
35000 	1.3694655557145219
40000 	1.3694655557145219
45000 	1.3694655557145219
50000 	1.3694655557145219
60000 	1.3694655557145219
70000 	1.3694655557145219
80000 	1.3694655557145219
90000 	1.3694655557145219
100000 	1.3694655557145219
110000 	1.3694655557145219
120000 	1.3694655557145219
130000 	1.3694655557145219
140000 	1.3694655557145219
150000 	1.3694655557145219
160000 	1.3694655557145219
170000 	1.3694655557145219
180000 	1.3694655557145219
190000 	1.3694655557145219
200000 	1.3694655557145219
300000 	1.3694655557145219
400000 	1.3694655557145219
500000 	1.3694655557145219
600000 	1.3694655557145219
700000 	1.3694655557145219
800000 	1.3694655557145219
900000 	1.3694655557145219
1000000 	1.3694655557145219
1100000 	1.3694655557145219
1200000 	1.3694655557145219
1300000 	1.3694655557145219
1400000 	1.3694655557145219
1500000 	1.3694655557145219
1600000 	1.3694655557145219
1700000 	0
1800000 	0
1900000 	0
2000000 	0
3000000 	0
4000000 	0
5000000 	0
6000000 	0
7000000 	0
8000000 	0
9000000 	0
10000000 	0
