10 	0.1336840629746613
20 	0.13369509118785017
30 	0.13370466948465068
40 	0.13371316878761774
50 	0.13372100294302128
60 	0.13373166355810748
70 	0.13373806995226148
80 	0.13374385351133472
90 	0.1337489887091817
100 	0.13375400831882886
200 	0.1337840457397068
300 	0.13379517441793484
400 	0.13379929299170018
500 	0.133800824163366
600 	0.13380137442601836
700 	0.13380158803260378
800 	0.13380166096995205
900 	0.1338016879055914
1000 	0.1338016976960697
2000 	0.13380170341475744
3000 	0.13380170369316263
4000 	0.13380170369316263
5000 	0.13380170369316263
6000 	0.13380170369316263
7000 	0.13380170369316263
8000 	0.13380170369316263
9000 	0.13380170369316263
10000 	0.13380170369316263
11000 	0.13380170369316263
12000 	0.13380170369316263
13000 	0.13380170369316263
14000 	0.13380170369316263
15000 	0.13380170369316263
17500 	0.13380170369316263
20000 	0.13380170369316263
22500 	0.13380170369316263
25000 	0.13380170369316263
30000 	0.13380170369316263
35000 	0.13380170369316263
40000 	0.13380170369316263
45000 	0.13380170369316263
50000 	0.13380170369316263
60000 	0.13380170369316263
70000 	0.13380170369316263
80000 	0.13380170369316263
90000 	0.13380170369316263
100000 	0.13380170369316263
110000 	0.13380170369316263
120000 	0.13380170369316263
130000 	0.13380170369316263
140000 	0.13380170369316263
150000 	0.13380170369316263
160000 	0.13380170369316263
170000 	0.13380170369316263
180000 	0.13380170369316263
190000 	0.13380170369316263
200000 	0.13380170369316263
300000 	0.13380170369316263
400000 	0.13380170369316263
500000 	0.13380170369316263
600000 	0.13380170369316263
700000 	0.13380170369316263
800000 	0.13380170369316263
900000 	0.13380170369316263
1000000 	0.13380170369316263
1100000 	0.13380170369316263
1200000 	0.13380170369316263
1300000 	0.13380170369316263
1400000 	0.13380170369316263
1500000 	0.13380170369316263
1600000 	0.13380170369316263
1700000 	0.13380170369316263
1800000 	0.13380170369316263
1900000 	0.13380170369316263
2000000 	0.13380170369316263
3000000 	0.13380170369316263
4000000 	0
5000000 	0
6000000 	0
7000000 	0
8000000 	0
9000000 	0
10000000 	0
