10 	0.18554924788016663
20 	0.18556174956790794
30 	0.18557114219319026
40 	0.18557997744751042
50 	0.18558781754975523
60 	0.18560775058178153
70 	0.18561428226321555
80 	0.18562008271173946
90 	0.1856255377959173
100 	0.18563056307054518
200 	0.1856612625102175
300 	0.18567245036882218
400 	0.18567654617371984
500 	0.1856780830672585
600 	0.18567862827382622
700 	0.1856788294520017
800 	0.18567890233493917
900 	0.18567893154891235
1000 	0.1856789417935338
2000 	0.18567894747854444
3000 	0.18567894795180032
4000 	0.18567894795180032
5000 	0.18567894795180032
6000 	0.18567894795180032
7000 	0.18567894795180032
8000 	0.18567894795180032
9000 	0.18567894795180032
10000 	0.18567894795180032
11000 	0.18567894795180032
12000 	0.18567894795180032
13000 	0.18567894795180032
14000 	0.18567894795180032
15000 	0.18567894795180032
17500 	0.18567894795180032
20000 	0.18567894795180032
22500 	0.18567894795180032
25000 	0.18567894795180032
30000 	0.18567894795180032
35000 	0.18567894795180032
40000 	0.18567894795180032
45000 	0.18567894795180032
50000 	0.18567894795180032
60000 	0.18567894795180032
70000 	0.18567894795180032
80000 	0.18567894795180032
90000 	0.18567894795180032
100000 	0.18567894795180032
110000 	0.18567894795180032
120000 	0.18567894795180032
130000 	0.18567894795180032
140000 	0.18567894795180032
150000 	0.18567894795180032
160000 	0.18567894795180032
170000 	0.18567894795180032
180000 	0.18567894795180032
190000 	0.18567894795180032
200000 	0.18567894795180032
300000 	0.18567894795180032
400000 	0.18567894795180032
500000 	0.18567894795180032
600000 	0.18567894795180032
700000 	0.18567894795180032
800000 	0.18567894795180032
900000 	0.18567894795180032
1000000 	0.18567894795180032
1100000 	0.18567894795180032
1200000 	0.18567894795180032
1300000 	0.18567894795180032
1400000 	0.18567894795180032
1500000 	0.18567894795180032
1600000 	0.18567894795180032
1700000 	0.18567894795180032
1800000 	0.18567894795180032
1900000 	0.18567894795180032
2000000 	0.18567894795180032
3000000 	0
4000000 	0
5000000 	0
6000000 	0
7000000 	0
8000000 	0
9000000 	0
10000000 	0
