10 	0.02893390642749397
20 	0.028963197040067452
30 	0.02898602867608638
40 	0.029006519348792358
50 	0.02902519338184254
60 	0.02905691240117296
70 	0.029072190947241852
80 	0.029086123167879844
90 	0.029098520138111147
100 	0.029110106513785056
200 	0.029182162147598688
300 	0.02921002220852456
400 	0.029219768007090946
500 	0.02922341636869476
600 	0.02922476581402058
700 	0.02922523815336159
800 	0.02922541039060955
900 	0.029225476089988184
1000 	0.029225499292576087
2000 	0.029225512928843386
3000 	0.029225512980435252
4000 	0.029225512980435252
5000 	0.029225512980435252
6000 	0.029225512980435252
7000 	0.029225512980435252
8000 	0.029225512980435252
9000 	0.029225512980435252
10000 	0.029225512980435252
11000 	0.029225512980435252
12000 	0.029225512980435252
13000 	0.029225512980435252
14000 	0.029225512980435252
15000 	0.029225512980435252
17500 	0.029225512980435252
20000 	0.029225512980435252
22500 	0.029225512980435252
25000 	0.029225512980435252
30000 	0.029225512980435252
35000 	0.029225512980435252
40000 	0.029225512980435252
45000 	0.029225512980435252
50000 	0.029225512980435252
60000 	0.029225512980435252
70000 	0.029225512980435252
80000 	0.029225512980435252
90000 	0.029225512980435252
100000 	0.029225512980435252
110000 	0.029225512980435252
120000 	0.029225512980435252
130000 	0.029225512980435252
140000 	0.029225512980435252
150000 	0.029225512980435252
160000 	0.029225512980435252
170000 	0.029225512980435252
180000 	0.029225512980435252
190000 	0.029225512980435252
200000 	0.029225512980435252
300000 	0.029225512980435252
400000 	0.029225512980435252
500000 	0.029225512980435252
600000 	0.029225512980435252
700000 	0.029225512980435252
800000 	0.029225512980435252
900000 	0.029225512980435252
1000000 	0.029225512980435252
1100000 	0
1200000 	0
1300000 	0
1400000 	0
1500000 	0
1600000 	0
1700000 	0
1800000 	0
1900000 	0
2000000 	0
3000000 	0
4000000 	0
5000000 	0
6000000 	0
7000000 	0
8000000 	0
9000000 	0
10000000 	0
