10 	0.07401568212028684
20 	0.07402776699014103
30 	0.07403772742422772
40 	0.07404672378490763
50 	0.07405500076181372
60 	0.07406649315925797
70 	0.07407302103043104
80 	0.07407870468001208
90 	0.07408424700339354
100 	0.07408916752250815
200 	0.07412141306650409
300 	0.07413275066200127
400 	0.07413688840643773
500 	0.07413839727196442
600 	0.07413894980946625
700 	0.07413915181083444
800 	0.07413922513188097
900 	0.07413925197784388
1000 	0.0741392622999929
2000 	0.07413926817732543
3000 	0.07413926825200905
4000 	0.07413926825200905
5000 	0.07413926825200905
6000 	0.07413926825200905
7000 	0.07413926825200905
8000 	0.07413926825200905
9000 	0.07413926825200905
10000 	0.07413926825200905
11000 	0.07413926825200905
12000 	0.07413926825200905
13000 	0.07413926825200905
14000 	0.07413926825200905
15000 	0.07413926825200905
17500 	0.07413926825200905
20000 	0.07413926825200905
22500 	0.07413926825200905
25000 	0.07413926825200905
30000 	0.07413926825200905
35000 	0.07413926825200905
40000 	0.07413926825200905
45000 	0.07413926825200905
50000 	0.07413926825200905
60000 	0.07413926825200905
70000 	0.07413926825200905
80000 	0.07413926825200905
90000 	0.07413926825200905
100000 	0.07413926825200905
110000 	0.07413926825200905
120000 	0.07413926825200905
130000 	0.07413926825200905
140000 	0.07413926825200905
150000 	0.07413926825200905
160000 	0.07413926825200905
170000 	0.07413926825200905
180000 	0.07413926825200905
190000 	0.07413926825200905
200000 	0.07413926825200905
300000 	0.07413926825200905
400000 	0.07413926825200905
500000 	0.07413926825200905
600000 	0.07413926825200905
700000 	0.07413926825200905
800000 	0.07413926825200905
900000 	0.07413926825200905
1000000 	0.07413926825200905
1100000 	0.07413926825200905
1200000 	0.07413926825200905
1300000 	0.07413926825200905
1400000 	0.07413926825200905
1500000 	0.07413926825200905
1600000 	0.07413926825200905
1700000 	0.07413926825200905
1800000 	0.07413926825200905
1900000 	0.07413926825200905
2000000 	0.07413926825200905
3000000 	0.07413926825200905
4000000 	0
5000000 	0
6000000 	0
7000000 	0
8000000 	0
9000000 	0
10000000 	0
