10 	3.7269239775046494
20 	3.7269565644079035
30 	3.72698790677441
40 	3.7270107328641564
50 	3.7270316859798465
60 	3.727063228685058
70 	3.727079627972172
80 	3.7270946713773254
90 	3.727114391647164
100 	3.7271268915503115
200 	3.7272056671962623
300 	3.7272346273018804
400 	3.7272450996671185
500 	3.727248954748873
600 	3.7272504010416867
700 	3.727250949153902
800 	3.727251134423008
900 	3.7272512210450146
1000 	3.7272512494632193
2000 	3.7272512645873923
3000 	3.7272512705766982
4000 	3.7272512705766982
5000 	3.7272512705766982
6000 	3.7272512705766982
7000 	3.7272512705766982
8000 	3.7272512705766982
9000 	3.7272512705766982
10000 	3.7272512705766982
11000 	3.7272512705766982
12000 	3.7272512705766982
13000 	3.7272512705766982
14000 	3.7272512705766982
15000 	3.7272512705766982
17500 	3.7272512705766982
20000 	3.7272512705766982
22500 	3.7272512705766982
25000 	3.7272512705766982
30000 	3.7272512705766982
35000 	3.7272512705766982
40000 	3.7272512705766982
45000 	3.7272512705766982
50000 	3.7272512705766982
60000 	3.7272512705766982
70000 	3.7272512705766982
80000 	3.7272512705766982
90000 	3.7272512705766982
100000 	3.7272512705766982
110000 	3.7272512705766982
120000 	3.7272512705766982
130000 	3.7272512705766982
140000 	3.7272512705766982
150000 	3.7272512705766982
160000 	3.7272512705766982
170000 	3.7272512705766982
180000 	3.7272512705766982
190000 	3.7272512705766982
200000 	3.7272512705766982
300000 	3.7272512705766982
400000 	3.7272512705766982
500000 	3.7272512705766982
600000 	3.7272512705766982
700000 	3.7272512705766982
800000 	3.7272512705766982
900000 	3.7272512705766982
1000000 	3.7272512705766982
1100000 	3.7272512705766982
1200000 	3.7272512705766982
1300000 	3.7272512705766982
1400000 	3.7272512705766982
1500000 	3.7272512705766982
1600000 	3.7272512705766982
1700000 	0
1800000 	0
1900000 	0
2000000 	0
3000000 	0
4000000 	0
5000000 	0
6000000 	0
7000000 	0
8000000 	0
9000000 	0
10000000 	0
