10 	0.03804987376100711
20 	0.03806298648818508
30 	0.03807386508642794
40 	0.038083193506868084
50 	0.03809164674366078
60 	0.03810641506815874
70 	0.03811331777326188
80 	0.038119667086665816
90 	0.03812598917101405
100 	0.03813147531661659
200 	0.03816322750587941
300 	0.03817494645501842
400 	0.03817925344257977
500 	0.03818083915796718
600 	0.038181455346325215
700 	0.038181672366318094
800 	0.03818174912766044
900 	0.038181777120966494
1000 	0.038181788255950595
2000 	0.03818179431143029
3000 	0.03818179436192734
4000 	0.03818179436192734
5000 	0.03818179436192734
6000 	0.03818179436192734
7000 	0.03818179436192734
8000 	0.03818179436192734
9000 	0.03818179436192734
10000 	0.03818179436192734
11000 	0.03818179436192734
12000 	0.03818179436192734
13000 	0.03818179436192734
14000 	0.03818179436192734
15000 	0.03818179436192734
17500 	0.03818179436192734
20000 	0.03818179436192734
22500 	0.03818179436192734
25000 	0.03818179436192734
30000 	0.03818179436192734
35000 	0.03818179436192734
40000 	0.03818179436192734
45000 	0.03818179436192734
50000 	0.03818179436192734
60000 	0.03818179436192734
70000 	0.03818179436192734
80000 	0.03818179436192734
90000 	0.03818179436192734
100000 	0.03818179436192734
110000 	0.03818179436192734
120000 	0.03818179436192734
130000 	0.03818179436192734
140000 	0.03818179436192734
150000 	0.03818179436192734
160000 	0.03818179436192734
170000 	0.03818179436192734
180000 	0.03818179436192734
190000 	0.03818179436192734
200000 	0.03818179436192734
300000 	0.03818179436192734
400000 	0.03818179436192734
500000 	0.03818179436192734
600000 	0.03818179436192734
700000 	0.03818179436192734
800000 	0.03818179436192734
900000 	0.03818179436192734
1000000 	0.03818179436192734
1100000 	0.03818179436192734
1200000 	0.03818179436192734
1300000 	0
1400000 	0
1500000 	0
1600000 	0
1700000 	0
1800000 	0
1900000 	0
2000000 	0
3000000 	0
4000000 	0
5000000 	0
6000000 	0
7000000 	0
8000000 	0
9000000 	0
10000000 	0
