10 	0.029156465842798605
20 	0.02916790855403318
30 	0.029177479468169145
40 	0.029186141856248276
50 	0.02919397290207066
60 	0.029204204971435103
70 	0.029210736628672684
80 	0.02921652808730445
90 	0.02922166524358338
100 	0.029226501412732125
200 	0.029256887461510173
300 	0.02926800701971311
400 	0.0292720976723574
500 	0.029273582353618065
600 	0.02927412743833525
700 	0.029274337650459798
800 	0.02927441626409849
900 	0.029274442769656663
1000 	0.02927445246069529
2000 	0.02927445817920643
3000 	0.02927445825254522
4000 	0.02927445825254522
5000 	0.02927445825254522
6000 	0.02927445825254522
7000 	0.02927445825254522
8000 	0.02927445825254522
9000 	0.02927445825254522
10000 	0.02927445825254522
11000 	0.02927445825254522
12000 	0.02927445825254522
13000 	0.02927445825254522
14000 	0.02927445825254522
15000 	0.02927445825254522
17500 	0.02927445825254522
20000 	0.02927445825254522
22500 	0.02927445825254522
25000 	0.02927445825254522
30000 	0.02927445825254522
35000 	0.02927445825254522
40000 	0.02927445825254522
45000 	0.02927445825254522
50000 	0.02927445825254522
60000 	0.02927445825254522
70000 	0.02927445825254522
80000 	0.02927445825254522
90000 	0.02927445825254522
100000 	0.02927445825254522
110000 	0.02927445825254522
120000 	0.02927445825254522
130000 	0.02927445825254522
140000 	0.02927445825254522
150000 	0.02927445825254522
160000 	0.02927445825254522
170000 	0.02927445825254522
180000 	0.02927445825254522
190000 	0.02927445825254522
200000 	0.02927445825254522
300000 	0.02927445825254522
400000 	0.02927445825254522
500000 	0.02927445825254522
600000 	0.02927445825254522
700000 	0.02927445825254522
800000 	0.02927445825254522
900000 	0.02927445825254522
1000000 	0.02927445825254522
1100000 	0
1200000 	0
1300000 	0
1400000 	0
1500000 	0
1600000 	0
1700000 	0
1800000 	0
1900000 	0
2000000 	0
3000000 	0
4000000 	0
5000000 	0
6000000 	0
7000000 	0
8000000 	0
9000000 	0
10000000 	0
