10 	0.1825287357142243
20 	0.18256036623748179
30 	0.1825856997286887
40 	0.18260653923433884
50 	0.18262522397881184
60 	0.18265568416820785
70 	0.18267108564496015
80 	0.182684906722733
90 	0.18269730268739504
100 	0.18270898174803876
200 	0.1827822152611167
300 	0.18281101752800755
400 	0.18282105117719114
500 	0.18282466170372985
600 	0.18282597614892326
700 	0.18282649930691436
800 	0.18282667731269825
900 	0.18282674424695697
1000 	0.18282676884205384
2000 	0.18282678260695162
3000 	0.18282678283977705
4000 	0.18282678283977705
5000 	0.18282678283977705
6000 	0.18282678283977705
7000 	0.18282678283977705
8000 	0.18282678283977705
9000 	0.18282678283977705
10000 	0.18282678283977705
11000 	0.18282678283977705
12000 	0.18282678283977705
13000 	0.18282678283977705
14000 	0.18282678283977705
15000 	0.18282678283977705
17500 	0.18282678283977705
20000 	0.18282678283977705
22500 	0.18282678283977705
25000 	0.18282678283977705
30000 	0.18282678283977705
35000 	0.18282678283977705
40000 	0.18282678283977705
45000 	0.18282678283977705
50000 	0.18282678283977705
60000 	0.18282678283977705
70000 	0.18282678283977705
80000 	0.18282678283977705
90000 	0.18282678283977705
100000 	0.18282678283977705
110000 	0.18282678283977705
120000 	0.18282678283977705
130000 	0.18282678283977705
140000 	0.18282678283977705
150000 	0.18282678283977705
160000 	0.18282678283977705
170000 	0.18282678283977705
180000 	0.18282678283977705
190000 	0.18282678283977705
200000 	0.18282678283977705
300000 	0
400000 	0
500000 	0
600000 	0
700000 	0
800000 	0
900000 	0
1000000 	0
1100000 	0
1200000 	0
1300000 	0
1400000 	0
1500000 	0
1600000 	0
1700000 	0
1800000 	0
1900000 	0
2000000 	0
3000000 	0
4000000 	0
5000000 	0
6000000 	0
7000000 	0
8000000 	0
9000000 	0
10000000 	0
