10 	0.05087863844199032
20 	0.05089155025967598
30 	0.05090205429156762
40 	0.050911223332450045
50 	0.050919659910670635
60 	0.05093414696949275
70 	0.050941046087944204
80 	0.05094717648389041
90 	0.050952820357051516
100 	0.05095811550622123
200 	0.05099068793767989
300 	0.05100250847176577
400 	0.051006856528723506
500 	0.05100851082676522
600 	0.05100908150917454
700 	0.051009291889491534
800 	0.05100937705157437
900 	0.05100940535878855
1000 	0.051009415661175755
2000 	0.05100942157952901
3000 	0.051009421662825176
4000 	0.051009421662825176
5000 	0.051009421662825176
6000 	0.051009421662825176
7000 	0.051009421662825176
8000 	0.051009421662825176
9000 	0.051009421662825176
10000 	0.051009421662825176
11000 	0.051009421662825176
12000 	0.051009421662825176
13000 	0.051009421662825176
14000 	0.051009421662825176
15000 	0.051009421662825176
17500 	0.051009421662825176
20000 	0.051009421662825176
22500 	0.051009421662825176
25000 	0.051009421662825176
30000 	0.051009421662825176
35000 	0.051009421662825176
40000 	0.051009421662825176
45000 	0.051009421662825176
50000 	0.051009421662825176
60000 	0.051009421662825176
70000 	0.051009421662825176
80000 	0.051009421662825176
90000 	0.051009421662825176
100000 	0.051009421662825176
110000 	0.051009421662825176
120000 	0.051009421662825176
130000 	0.051009421662825176
140000 	0.051009421662825176
150000 	0.051009421662825176
160000 	0.051009421662825176
170000 	0.051009421662825176
180000 	0.051009421662825176
190000 	0.051009421662825176
200000 	0.051009421662825176
300000 	0.051009421662825176
400000 	0.051009421662825176
500000 	0.051009421662825176
600000 	0.051009421662825176
700000 	0.051009421662825176
800000 	0.051009421662825176
900000 	0.051009421662825176
1000000 	0.051009421662825176
1100000 	0.051009421662825176
1200000 	0.051009421662825176
1300000 	0
1400000 	0
1500000 	0
1600000 	0
1700000 	0
1800000 	0
1900000 	0
2000000 	0
3000000 	0
4000000 	0
5000000 	0
6000000 	0
7000000 	0
8000000 	0
9000000 	0
10000000 	0
