10 	0.08798868050631366
20 	0.08800096458668986
30 	0.08801055392000161
40 	0.08801955672107305
50 	0.08802739237809312
60 	0.0880429109999545
70 	0.0880493211546068
80 	0.08805534277562325
90 	0.08806048305889178
100 	0.08806532390999368
200 	0.08809805995691976
300 	0.08810915380477936
400 	0.08811332800218209
500 	0.08811482317453716
600 	0.08811537233763635
700 	0.08811557224878191
800 	0.08811564502228547
900 	0.08811567221027392
1000 	0.08811568198460125
2000 	0.08811568767024117
3000 	0.08811568776622677
4000 	0.08811568776622677
5000 	0.08811568776622677
6000 	0.08811568776622677
7000 	0.08811568776622677
8000 	0.08811568776622677
9000 	0.08811568776622677
10000 	0.08811568776622677
11000 	0.08811568776622677
12000 	0.08811568776622677
13000 	0.08811568776622677
14000 	0.08811568776622677
15000 	0.08811568776622677
17500 	0.08811568776622677
20000 	0.08811568776622677
22500 	0.08811568776622677
25000 	0.08811568776622677
30000 	0.08811568776622677
35000 	0.08811568776622677
40000 	0.08811568776622677
45000 	0.08811568776622677
50000 	0.08811568776622677
60000 	0.08811568776622677
70000 	0.08811568776622677
80000 	0.08811568776622677
90000 	0.08811568776622677
100000 	0.08811568776622677
110000 	0.08811568776622677
120000 	0.08811568776622677
130000 	0.08811568776622677
140000 	0.08811568776622677
150000 	0.08811568776622677
160000 	0.08811568776622677
170000 	0.08811568776622677
180000 	0.08811568776622677
190000 	0.08811568776622677
200000 	0.08811568776622677
300000 	0.08811568776622677
400000 	0.08811568776622677
500000 	0.08811568776622677
600000 	0.08811568776622677
700000 	0.08811568776622677
800000 	0.08811568776622677
900000 	0.08811568776622677
1000000 	0.08811568776622677
1100000 	0.08811568776622677
1200000 	0.08811568776622677
1300000 	0.08811568776622677
1400000 	0.08811568776622677
1500000 	0.08811568776622677
1600000 	0.08811568776622677
1700000 	0.08811568776622677
1800000 	0.08811568776622677
1900000 	0.08811568776622677
2000000 	0.08811568776622677
3000000 	0.08811568776622677
4000000 	0.08811568776622677
5000000 	0.08811568776622677
6000000 	0.08811568776622677
7000000 	0.08811568776622677
8000000 	0.08811568776622677
9000000 	0.08811568776622677
10000000 	0
