10 	0.18617020098795573
20 	0.1861843481009313
30 	0.18619505806094167
40 	0.18620722613014187
50 	0.18621688581947607
60 	0.18623748831401865
70 	0.18624413909106577
80 	0.18625026961091232
90 	0.186256520286541
100 	0.18626181916347523
200 	0.18629513820893995
300 	0.18630722076894482
400 	0.18631158173602932
500 	0.18631316971415895
600 	0.18631375015293106
700 	0.1863139648005011
800 	0.18631404744248328
900 	0.1863140763648312
1000 	0.1863140866799328
2000 	0.1863140926981213
3000 	0.18631409301984017
4000 	0.18631409301984017
5000 	0.18631409301984017
6000 	0.18631409301984017
7000 	0.18631409301984017
8000 	0.18631409301984017
9000 	0.18631409301984017
10000 	0.18631409301984017
11000 	0.18631409301984017
12000 	0.18631409301984017
13000 	0.18631409301984017
14000 	0.18631409301984017
15000 	0.18631409301984017
17500 	0.18631409301984017
20000 	0.18631409301984017
22500 	0.18631409301984017
25000 	0.18631409301984017
30000 	0.18631409301984017
35000 	0.18631409301984017
40000 	0.18631409301984017
45000 	0.18631409301984017
50000 	0.18631409301984017
60000 	0.18631409301984017
70000 	0.18631409301984017
80000 	0.18631409301984017
90000 	0.18631409301984017
100000 	0.18631409301984017
110000 	0.18631409301984017
120000 	0.18631409301984017
130000 	0.18631409301984017
140000 	0.18631409301984017
150000 	0.18631409301984017
160000 	0.18631409301984017
170000 	0.18631409301984017
180000 	0.18631409301984017
190000 	0.18631409301984017
200000 	0.18631409301984017
300000 	0.18631409301984017
400000 	0.18631409301984017
500000 	0.18631409301984017
600000 	0.18631409301984017
700000 	0.18631409301984017
800000 	0.18631409301984017
900000 	0.18631409301984017
1000000 	0.18631409301984017
1100000 	0.18631409301984017
1200000 	0.18631409301984017
1300000 	0.18631409301984017
1400000 	0.18631409301984017
1500000 	0.18631409301984017
1600000 	0.18631409301984017
1700000 	0.18631409301984017
1800000 	0.18631409301984017
1900000 	0.18631409301984017
2000000 	0.18631409301984017
3000000 	0.18631409301984017
4000000 	0.18631409301984017
5000000 	0
6000000 	0
7000000 	0
8000000 	0
9000000 	0
10000000 	0
