10 	0.05593285862358033
20 	0.055945163235439715
30 	0.05595494017154949
40 	0.055963772088004064
50 	0.05597130730034945
60 	0.05598610906924622
70 	0.05599276858342503
80 	0.055998560087164376
90 	0.05600380390960171
100 	0.056008640078750456
200 	0.056038846069334514
300 	0.0560499744492829
400 	0.05605445893118381
500 	0.056055939811331904
600 	0.0560564827897441
700 	0.05605668588612256
800 	0.056056758576603145
900 	0.05605678530621044
1000 	0.056056795042466266
2000 	0.056056800835964746
3000 	0.05605680089199886
4000 	0.05605680089199886
5000 	0.05605680089199886
6000 	0.05605680089199886
7000 	0.05605680089199886
8000 	0.05605680089199886
9000 	0.05605680089199886
10000 	0.05605680089199886
11000 	0.05605680089199886
12000 	0.05605680089199886
13000 	0.05605680089199886
14000 	0.05605680089199886
15000 	0.05605680089199886
17500 	0.05605680089199886
20000 	0.05605680089199886
22500 	0.05605680089199886
25000 	0.05605680089199886
30000 	0.05605680089199886
35000 	0.05605680089199886
40000 	0.05605680089199886
45000 	0.05605680089199886
50000 	0.05605680089199886
60000 	0.05605680089199886
70000 	0.05605680089199886
80000 	0.05605680089199886
90000 	0.05605680089199886
100000 	0.05605680089199886
110000 	0.05605680089199886
120000 	0.05605680089199886
130000 	0.05605680089199886
140000 	0.05605680089199886
150000 	0.05605680089199886
160000 	0.05605680089199886
170000 	0.05605680089199886
180000 	0.05605680089199886
190000 	0.05605680089199886
200000 	0.05605680089199886
300000 	0.05605680089199886
400000 	0.05605680089199886
500000 	0.05605680089199886
600000 	0
700000 	0
800000 	0
900000 	0
1000000 	0
1100000 	0
1200000 	0
1300000 	0
1400000 	0
1500000 	0
1600000 	0
1700000 	0
1800000 	0
1900000 	0
2000000 	0
3000000 	0
4000000 	0
5000000 	0
6000000 	0
7000000 	0
8000000 	0
9000000 	0
10000000 	0
