10 	0.21011042594909668
20 	0.21012449264526367
30 	0.21013641357421875
40 	0.21014857292175293
50 	0.21016192436218262
60 	0.21018552780151367
70 	0.21019792556762695
80 	0.21021056175231934
90 	0.21022272109985352
100 	0.2102351188659668
200 	0.21036505699157715
300 	0.2104957103729248
400 	0.21065616607666016
500 	0.21078753471374512
600 	0.21091771125793457
700 	0.21105504035949707
800 	0.21118593215942383
900 	0.21131634712219238
1000 	0.21144723892211914
2000 	0.21277308464050293
3000 	0.2978944778442383
4000 	0.2992231845855713
5000 	0.3637411594390869
6000 	0.36507177352905273
7000 	0.4541301727294922
8000 	0.4554457664489746
9000 	0.5555903911590576
10000 	0.5569167137145996
11000 	0.5940232276916504
12000 	0.5953385829925537
13000 	0.6806211471557617
14000 	0.6819384098052979
15000 	0.7738051414489746
17500 	0.8305435180664062
20000 	0.8758385181427002
22500 	1.0124223232269287
25000 	1.0950446128845215
30000 	1.193721055984497
35000 	1.31435227394104
40000 	1.4066832065582275
45000 	1.5524566173553467
50000 	1.6810133457183838
60000 	1.9023346900939941
70000 	3.046689510345459
80000 	3.7707359790802
90000 	4.500789165496826
100000 	5.674246311187744
110000 	6.128455400466919
120000 	6.449760913848877
130000 	7.261612892150879
140000 	8.185746431350708
150000 	8.817321538925171
160000 	9.528971195220947
170000 	10.151338577270508
180000 	10.903634548187256
190000 	11.42143177986145
200000 	12.82671308517456
300000 	18.327423810958862
400000 	25.53169274330139
500000 	33.66775679588318
600000 	40.66907215118408
700000 	44.419562578201294
800000 	52.11766695976257
900000 	58.34322690963745
1000000 	63.70998167991638
1100000 	66.73230600357056
1200000 	72.66793894767761
1300000 	78.50683546066284
1400000 	81.98199486732483
1500000 	85.75969290733337
1600000 	89.29637622833252
1700000 	94.00117063522339
1800000 	100.130047082901
1900000 	102.94465208053589
2000000 	107.11969184875488
3000000 	155.02878832817078
4000000 	193.92952370643616
5000000 	237.62192678451538
6000000 	278.9746870994568
7000000 	323.457102060318
8000000 	365.42684292793274
9000000 	0
10000000 	0
