10 	0.2606840133666992
20 	0.260699987411499
30 	0.2607128620147705
40 	0.2607252597808838
50 	0.26073718070983887
60 	0.26076197624206543
70 	0.2607738971710205
80 	0.2607855796813965
90 	0.26079773902893066
100 	0.26080989837646484
200 	0.2609529495239258
300 	0.2610819339752197
400 	0.26120877265930176
500 	0.2613351345062256
600 	0.2614612579345703
700 	0.26158833503723145
800 	0.26171445846557617
900 	0.2618405818939209
1000 	0.26197361946105957
2000 	0.26326513290405273
3000 	0.5283615589141846
4000 	0.5296578407287598
5000 	0.8356091976165771
6000 	0.8369169235229492
7000 	1.0038468837738037
8000 	1.005140781402588
9000 	1.3814895153045654
10000 	1.3828141689300537
11000 	1.747565746307373
12000 	1.7488508224487305
13000 	1.9679841995239258
14000 	1.9692742824554443
15000 	2.2622792720794678
17500 	2.5818216800689697
20000 	2.948632001876831
22500 	3.431098461151123
25000 	3.7335994243621826
30000 	4.448343992233276
35000 	5.303937911987305
40000 	6.0284364223480225
45000 	6.730123519897461
50000 	7.369845151901245
60000 	8.525359153747559
70000 	9.871825218200684
80000 	11.261423349380493
90000 	12.495645999908447
100000 	13.679854154586792
110000 	14.97446584701538
120000 	16.731969356536865
130000 	18.142587184906006
140000 	19.542705535888672
150000 	21.015505075454712
160000 	22.322372436523438
170000 	23.91692066192627
180000 	25.538275241851807
190000 	27.015649557113647
200000 	28.55463457107544
300000 	42.68207406997681
400000 	55.43736934661865
500000 	69.08362007141113
600000 	81.87558126449585
700000 	96.65330243110657
800000 	0
900000 	0
1000000 	0
1100000 	0
1200000 	0
1300000 	0
1400000 	0
1500000 	0
1600000 	0
1700000 	0
1800000 	0
1900000 	0
2000000 	0
3000000 	0
4000000 	0
5000000 	0
6000000 	0
7000000 	0
8000000 	0
9000000 	0
10000000 	0
