10 	0.05459237098693848
20 	0.05460810661315918
30 	0.05462193489074707
40 	0.05463528633117676
50 	0.05464887619018555
60 	0.054674625396728516
70 	0.0546879768371582
80 	0.054702043533325195
90 	0.05471539497375488
100 	0.05472874641418457
200 	0.05486726760864258
300 	0.05500674247741699
400 	0.05514645576477051
500 	0.055286407470703125
600 	0.055444955825805664
700 	0.05558609962463379
800 	0.0557253360748291
900 	0.05586504936218262
1000 	0.056014060974121094
2000 	0.057430267333984375
3000 	0.08305716514587402
4000 	0.0845022201538086
5000 	0.10600900650024414
6000 	0.10744404792785645
7000 	0.12962961196899414
8000 	0.1310415267944336
9000 	0.1533963680267334
10000 	0.1548159122467041
11000 	0.17713093757629395
12000 	0.17856526374816895
13000 	0.20431780815124512
14000 	0.20574569702148438
15000 	0.23037481307983398
17500 	0.25661563873291016
20000 	0.28180670738220215
22500 	0.327960729598999
25000 	0.3574824333190918
30000 	0.4073948860168457
35000 	0.4815859794616699
40000 	0.5380427837371826
45000 	0.6139740943908691
50000 	0.674222469329834
60000 	0.811408519744873
70000 	0.9257287979125977
80000 	1.0410547256469727
90000 	1.1853339672088623
100000 	1.3187007904052734
110000 	1.4575047492980957
120000 	1.5959501266479492
130000 	1.7339065074920654
140000 	1.8782029151916504
150000 	2.008263349533081
160000 	2.137558937072754
170000 	2.2771668434143066
180000 	2.4017934799194336
190000 	2.547027111053467
200000 	2.6939756870269775
300000 	3.998969078063965
400000 	5.356951951980591
500000 	6.839425563812256
600000 	8.263522386550903
700000 	9.639148950576782
800000 	10.96381664276123
900000 	12.278491735458374
1000000 	13.650713920593262
1100000 	15.028825759887695
1200000 	16.388190269470215
1300000 	0
1400000 	0
1500000 	0
1600000 	0
1700000 	0
1800000 	0
1900000 	0
2000000 	0
3000000 	0
4000000 	0
5000000 	0
6000000 	0
7000000 	0
8000000 	0
9000000 	0
10000000 	0
