10 	0.12892365455627441
20 	0.1289379596710205
30 	0.12894988059997559
40 	0.12896227836608887
50 	0.12897443771362305
60 	0.1289987564086914
70 	0.1290113925933838
80 	0.12902355194091797
90 	0.12903618812561035
100 	0.12904906272888184
200 	0.1291794776916504
300 	0.12931013107299805
400 	0.1294422149658203
500 	0.12958335876464844
600 	0.1297140121459961
700 	0.12984728813171387
800 	0.12997984886169434
900 	0.13011670112609863
1000 	0.13024687767028809
2000 	0.1315782070159912
3000 	0.19022536277770996
4000 	0.1915569305419922
5000 	0.2771179676055908
6000 	0.27843189239501953
7000 	0.34685778617858887
8000 	0.3481745719909668
9000 	0.46918535232543945
10000 	0.47050023078918457
11000 	0.5761044025421143
12000 	0.5774250030517578
13000 	0.6077306270599365
14000 	0.6090378761291504
15000 	0.6938457489013672
17500 	0.759232759475708
20000 	0.8278992176055908
22500 	0.9972383975982666
25000 	1.0354292392730713
30000 	1.1904020309448242
35000 	1.394012689590454
40000 	1.572059154510498
45000 	1.7146291732788086
50000 	1.8710246086120605
60000 	2.1969642639160156
70000 	2.504014015197754
80000 	2.9509925842285156
90000 	3.3371386528015137
100000 	3.7128570079803467
110000 	3.990204095840454
120000 	4.277985095977783
130000 	4.5505757331848145
140000 	4.931380033493042
150000 	5.119304180145264
160000 	5.557636260986328
170000 	5.976461887359619
180000 	6.233618497848511
190000 	6.510690212249756
200000 	6.71996808052063
300000 	9.240900754928589
400000 	12.091462135314941
500000 	15.014598846435547
600000 	17.369898557662964
700000 	20.0898380279541
800000 	23.001163721084595
900000 	25.94801425933838
1000000 	29.84900426864624
1100000 	33.10918211936951
1200000 	35.793649673461914
1300000 	38.89197754859924
1400000 	42.73878574371338
1500000 	45.10499572753906
1600000 	47.240938663482666
1700000 	49.55143594741821
1800000 	52.93722128868103
1900000 	56.46969175338745
2000000 	58.94043493270874
3000000 	93.19563412666321
4000000 	128.22337079048157
5000000 	161.69849801063538
6000000 	202.51085424423218
7000000 	247.24933409690857
8000000 	299.94007420539856
9000000 	0
10000000 	0
