10 	0.018118858337402344
20 	0.018133163452148438
30 	0.018146038055419922
40 	0.018158435821533203
50 	0.018171072006225586
60 	0.018191099166870117
70 	0.018203258514404297
80 	0.01821589469909668
90 	0.01823878288269043
100 	0.018251895904541016
200 	0.018382549285888672
300 	0.018513202667236328
400 	0.018643617630004883
500 	0.01877593994140625
600 	0.018906354904174805
700 	0.019037723541259766
800 	0.019167661666870117
900 	0.019303083419799805
1000 	0.019434690475463867
2000 	0.02076101303100586
3000 	0.034493207931518555
4000 	0.03582310676574707
5000 	0.04901123046875
6000 	0.05034232139587402
7000 	0.06558632850646973
8000 	0.06691265106201172
9000 	0.08142256736755371
10000 	0.08274292945861816
11000 	0.09537029266357422
12000 	0.09668946266174316
13000 	0.10992550849914551
14000 	0.11125969886779785
15000 	0.12478208541870117
17500 	0.13964509963989258
20000 	0.15245318412780762
22500 	0.18005752563476562
25000 	0.20120668411254883
30000 	0.23505830764770508
35000 	0.2746701240539551
40000 	0.30813050270080566
45000 	0.34749460220336914
50000 	0.37704038619995117
60000 	0.451751708984375
70000 	0.5259015560150146
80000 	0.6096048355102539
90000 	0.680084228515625
100000 	0.7510724067687988
110000 	0.8218812942504883
120000 	0.8885056972503662
130000 	0.9673333168029785
140000 	1.0464811325073242
150000 	1.1249139308929443
160000 	1.1927666664123535
170000 	1.2669055461883545
180000 	1.3506107330322266
190000 	1.4273192882537842
200000 	1.5149166584014893
300000 	2.191471815109253
400000 	2.9616262912750244
500000 	3.809147357940674
600000 	4.560827016830444
700000 	5.636172771453857
800000 	6.454037427902222
900000 	7.249176979064941
1000000 	8.063915967941284
1100000 	0
1200000 	0
1300000 	0
1400000 	0
1500000 	0
1600000 	0
1700000 	0
1800000 	0
1900000 	0
2000000 	0
3000000 	0
4000000 	0
5000000 	0
6000000 	0
7000000 	0
8000000 	0
9000000 	0
10000000 	0
