10 	0.4627563953399658
20 	0.462770938873291
30 	0.4627854824066162
40 	0.462799072265625
50 	0.462813138961792
60 	0.46284008026123047
70 	0.46285343170166016
80 	0.46286654472351074
90 	0.4628794193267822
100 	0.46289587020874023
200 	0.46303701400756836
300 	0.463176965713501
400 	0.4633212089538574
500 	0.46347522735595703
600 	0.46361851692199707
700 	0.463761568069458
800 	0.4638998508453369
900 	0.46404170989990234
1000 	0.46418285369873047
2000 	0.46559643745422363
3000 	0.7847580909729004
4000 	0.7861471176147461
5000 	1.0872914791107178
6000 	1.0886883735656738
7000 	1.4252710342407227
8000 	1.4266777038574219
9000 	1.74688720703125
10000 	1.7482664585113525
11000 	2.165271520614624
12000 	2.1666672229766846
13000 	2.556745767593384
14000 	2.5581419467926025
15000 	2.9741241931915283
17500 	3.4093170166015625
20000 	3.667996883392334
22500 	4.414642333984375
25000 	4.71772575378418
30000 	5.476830244064331
35000 	6.348301649093628
40000 	7.108546257019043
45000 	8.010780572891235
50000 	8.672477960586548
60000 	10.550374269485474
70000 	12.34948182106018
80000 	14.018887996673584
90000 	15.230906963348389
100000 	17.343953132629395
110000 	19.04895329475403
120000 	20.755784034729004
130000 	22.956379175186157
140000 	24.1378116607666
150000 	25.836551666259766
160000 	26.93812108039856
170000 	28.160863637924194
180000 	30.080673217773438
190000 	32.001776695251465
200000 	33.57310605049133
300000 	54.627856969833374
400000 	75.66007542610168
500000 	95.99958515167236
600000 	117.08080911636353
700000 	138.7804753780365
800000 	160.77135062217712
900000 	174.64326643943787
1000000 	195.23280358314514
1100000 	215.8225498199463
1200000 	237.95828819274902
1300000 	259.8220474720001
1400000 	285.10307598114014
1500000 	302.302081823349
1600000 	325.4025321006775
1700000 	0
1800000 	0
1900000 	0
2000000 	0
3000000 	0
4000000 	0
5000000 	0
6000000 	0
7000000 	0
8000000 	0
9000000 	0
10000000 	0
