10 	0.027851104736328125
20 	0.027864694595336914
30 	0.027878522872924805
40 	0.027891159057617188
50 	0.027903318405151367
60 	0.027929306030273438
70 	0.02794170379638672
80 	0.0279541015625
90 	0.02797698974609375
100 	0.02798938751220703
200 	0.0281221866607666
300 	0.028255224227905273
400 	0.028387784957885742
500 	0.028519630432128906
600 	0.028651714324951172
700 	0.028783798217773438
800 	0.0289151668548584
900 	0.029053449630737305
1000 	0.02918553352355957
2000 	0.030525922775268555
3000 	0.06646537780761719
4000 	0.06778359413146973
5000 	0.09021139144897461
6000 	0.09153914451599121
7000 	0.10854506492614746
8000 	0.10986208915710449
9000 	0.13974905014038086
10000 	0.14108753204345703
11000 	0.17319154739379883
12000 	0.17451930046081543
13000 	0.1948256492614746
14000 	0.1961503028869629
15000 	0.21210217475891113
17500 	0.23410797119140625
20000 	0.2540915012359619
22500 	0.2989320755004883
25000 	0.330247163772583
30000 	0.3836197853088379
35000 	0.4473292827606201
40000 	0.49962401390075684
45000 	0.6256098747253418
50000 	0.6847984790802002
60000 	0.8161730766296387
70000 	1.0361011028289795
80000 	1.1337950229644775
90000 	1.2730498313903809
100000 	1.381913661956787
110000 	1.462325096130371
120000 	1.5593228340148926
130000 	1.7320950031280518
140000 	1.8278017044067383
150000 	1.9310479164123535
160000 	2.064404010772705
170000 	2.192789316177368
180000 	2.3415002822875977
190000 	2.434215545654297
200000 	2.5954701900482178
300000 	3.6598148345947266
400000 	4.893939971923828
500000 	6.003777980804443
600000 	7.11648154258728
700000 	8.34127950668335
800000 	9.467040777206421
900000 	10.630725145339966
1000000 	11.775434255599976
1100000 	13.041483163833618
1200000 	14.232763051986694
1300000 	15.487318515777588
1400000 	16.69718647003174
1500000 	17.754704236984253
1600000 	18.971147537231445
1700000 	20.06927180290222
1800000 	21.358269453048706
1900000 	22.748623847961426
2000000 	23.981844902038574
3000000 	37.08343482017517
4000000 	50.268784284591675
5000000 	64.52780938148499
6000000 	77.70148158073425
7000000 	91.39535450935364
8000000 	106.33132290840149
9000000 	120.2912905216217
10000000 	0
