10 	0.06638574600219727
20 	0.06640028953552246
30 	0.06641316413879395
40 	0.06642580032348633
50 	0.06643843650817871
60 	0.06646966934204102
70 	0.0664823055267334
80 	0.06649494171142578
90 	0.06650757789611816
100 	0.06652021408081055
200 	0.06665205955505371
300 	0.06678485870361328
400 	0.06691741943359375
500 	0.06704950332641602
600 	0.06718778610229492
700 	0.0673213005065918
800 	0.0674600601196289
900 	0.06759285926818848
1000 	0.06772422790527344
2000 	0.06906509399414062
3000 	0.13640737533569336
4000 	0.13776493072509766
5000 	0.1947782039642334
6000 	0.19611835479736328
7000 	0.25081300735473633
8000 	0.25216197967529297
9000 	0.29810476303100586
10000 	0.2994546890258789
11000 	0.35619211196899414
12000 	0.35753560066223145
13000 	0.4117429256439209
14000 	0.4130725860595703
15000 	0.46056675910949707
17500 	0.5300896167755127
20000 	0.5955078601837158
22500 	0.6856803894042969
25000 	0.7211151123046875
30000 	0.787163257598877
35000 	0.9710001945495605
40000 	1.1058745384216309
45000 	1.214259386062622
50000 	1.294891595840454
60000 	1.4861056804656982
70000 	1.6611132621765137
80000 	1.9137914180755615
90000 	2.1342759132385254
100000 	2.3222384452819824
110000 	2.5785439014434814
120000 	2.846686601638794
130000 	3.0117762088775635
140000 	3.2572274208068848
150000 	3.368175983428955
160000 	3.598029375076294
170000 	3.8221747875213623
180000 	4.563818693161011
190000 	4.738449811935425
200000 	4.890268802642822
300000 	6.870153903961182
400000 	8.825230121612549
500000 	11.496689081192017
600000 	17.81110405921936
700000 	21.320733070373535
800000 	25.244980096817017
900000 	27.812103986740112
1000000 	31.714656114578247
1100000 	35.877848625183105
1200000 	42.56906247138977
1300000 	47.161843061447144
1400000 	52.32707595825195
1500000 	57.7872359752655
1600000 	64.23785090446472
1700000 	66.8270411491394
1800000 	69.52486753463745
1900000 	72.50421237945557
2000000 	74.90517950057983
3000000 	105.97693347930908
4000000 	0
5000000 	0
6000000 	0
7000000 	0
8000000 	0
9000000 	0
10000000 	0
