10 	0.8435661792755127
20 	0.8435835838317871
30 	0.8435978889465332
40 	0.8436121940612793
50 	0.8436262607574463
60 	0.8436520099639893
70 	0.8436663150787354
80 	0.8436803817749023
90 	0.8436944484710693
100 	0.8437089920043945
200 	0.8438510894775391
300 	0.8439924716949463
400 	0.8441343307495117
500 	0.8442745208740234
600 	0.844414234161377
700 	0.8445701599121094
800 	0.8447115421295166
900 	0.8448529243469238
1000 	0.8449926376342773
2000 	0.8464016914367676
3000 	1.5788938999176025
4000 	1.580310583114624
5000 	1.9633009433746338
6000 	1.9646689891815186
7000 	2.484189510345459
8000 	2.485598564147949
9000 	3.095421314239502
10000 	3.0968360900878906
11000 	3.649033784866333
12000 	3.6504554748535156
13000 	4.288021564483643
14000 	4.2894368171691895
15000 	5.133115768432617
17500 	5.7614312171936035
20000 	6.492084503173828
22500 	7.5348429679870605
25000 	8.139211416244507
30000 	9.304070472717285
35000 	11.050557851791382
40000 	12.249839067459106
45000 	13.838603496551514
50000 	15.106197595596313
60000 	17.782917022705078
70000 	20.921392679214478
80000 	21.36942982673645
90000 	23.857028245925903
100000 	26.357524156570435
110000 	28.794755458831787
120000 	31.22716474533081
130000 	33.90678310394287
140000 	36.54305100440979
150000 	38.566056966781616
160000 	41.41312861442566
170000 	42.57976317405701
180000 	44.66631507873535
190000 	47.29018306732178
200000 	50.33344841003418
300000 	76.6766881942749
400000 	106.16388297080994
500000 	136.68822765350342
600000 	166.66870045661926
700000 	192.287358045578
800000 	223.89362025260925
900000 	254.55559396743774
1000000 	286.8594138622284
1100000 	318.2070987224579
1200000 	350.54856991767883
1300000 	384.1818504333496
1400000 	417.5440661907196
1500000 	451.20903301239014
1600000 	480.4504220485687
1700000 	0
1800000 	0
1900000 	0
2000000 	0
3000000 	0
4000000 	0
5000000 	0
6000000 	0
7000000 	0
8000000 	0
9000000 	0
10000000 	0
