10 	0.10860633850097656
20 	0.10861945152282715
30 	0.10863113403320312
40 	0.1086432933807373
50 	0.10865473747253418
60 	0.10867738723754883
70 	0.1086890697479248
80 	0.10870075225830078
90 	0.10871267318725586
100 	0.10872530937194824
200 	0.10884976387023926
300 	0.10897684097290039
400 	0.10911369323730469
500 	0.10927915573120117
600 	0.1094045639038086
700 	0.10957527160644531
800 	0.10970211029052734
900 	0.10982823371887207
1000 	0.10995316505432129
2000 	0.11122417449951172
3000 	0.23363018035888672
4000 	0.2349534034729004
5000 	0.3373115062713623
6000 	0.3385782241821289
7000 	0.4436304569244385
8000 	0.4449765682220459
9000 	0.6057538986206055
10000 	0.6070890426635742
11000 	0.7143621444702148
12000 	0.7157125473022461
13000 	0.8346467018127441
14000 	0.8359298706054688
15000 	0.9221820831298828
17500 	1.0004968643188477
20000 	1.1319613456726074
22500 	1.3544681072235107
25000 	1.4711689949035645
30000 	1.8140530586242676
35000 	2.1649088859558105
40000 	2.356675148010254
45000 	2.7277190685272217
50000 	2.898223638534546
60000 	3.4358577728271484
70000 	4.019935846328735
80000 	4.515398263931274
90000 	5.20749306678772
100000 	5.8566389083862305
110000 	6.526398420333862
120000 	6.961739540100098
130000 	7.6279826164245605
140000 	8.29360055923462
150000 	8.647472381591797
160000 	9.247344970703125
170000 	9.829320669174194
180000 	10.490642547607422
190000 	11.050696611404419
200000 	11.704325914382935
300000 	17.602582216262817
400000 	23.630563974380493
500000 	29.98027753829956
600000 	35.9027681350708
700000 	41.54574203491211
800000 	47.07832860946655
900000 	53.17115640640259
1000000 	59.703356981277466
1100000 	65.32874655723572
1200000 	71.61604762077332
1300000 	78.5145411491394
1400000 	84.9664876461029
1500000 	90.55027985572815
1600000 	97.13217353820801
1700000 	103.30604600906372
1800000 	109.63610053062439
1900000 	115.82958197593689
2000000 	0
3000000 	0
4000000 	0
5000000 	0
6000000 	0
7000000 	0
8000000 	0
9000000 	0
10000000 	0
