10 	0.12545466423034668
20 	0.12546873092651367
30 	0.12548089027404785
40 	0.1255016326904297
50 	0.12551403045654297
60 	0.12554001808166504
70 	0.12555241584777832
80 	0.1255648136138916
90 	0.12557673454284668
100 	0.12558984756469727
200 	0.1257190704345703
300 	0.12584972381591797
400 	0.12598133087158203
500 	0.1261136531829834
600 	0.12624764442443848
700 	0.12638330459594727
800 	0.12652015686035156
900 	0.12665081024169922
1000 	0.12678289413452148
2000 	0.1280965805053711
3000 	0.20740437507629395
4000 	0.20872092247009277
5000 	0.26331210136413574
6000 	0.26463985443115234
7000 	0.3420252799987793
8000 	0.3433365821838379
9000 	0.4414544105529785
10000 	0.44277381896972656
11000 	0.55059814453125
12000 	0.5519154071807861
13000 	0.6582856178283691
14000 	0.659613847732544
15000 	0.6878509521484375
17500 	0.7220785617828369
20000 	0.7614610195159912
22500 	0.8556270599365234
25000 	0.9416539669036865
30000 	1.077779769897461
35000 	1.2519757747650146
40000 	1.3788559436798096
45000 	1.5875952243804932
50000 	1.7412936687469482
60000 	2.005920648574829
70000 	2.272871255874634
80000 	2.5303609371185303
90000 	2.8611786365509033
100000 	3.2909984588623047
110000 	3.9245572090148926
120000 	4.422569751739502
130000 	5.0033347606658936
140000 	5.511974334716797
150000 	6.283580541610718
160000 	6.778027772903442
170000 	7.3505353927612305
180000 	7.85938024520874
190000 	8.501347541809082
200000 	9.312017679214478
300000 	15.76939582824707
400000 	20.51640272140503
500000 	23.722811698913574
600000 	28.380828142166138
700000 	35.80619239807129
800000 	43.205703258514404
900000 	48.252424240112305
1000000 	51.91486597061157
1100000 	55.17210936546326
1200000 	57.73634719848633
1300000 	61.0532341003418
1400000 	63.62294554710388
1500000 	67.67079639434814
1600000 	71.18661189079285
1700000 	75.13307070732117
1800000 	79.30658030509949
1900000 	82.76714587211609
2000000 	86.48217368125916
3000000 	136.23055768013
4000000 	205.61241054534912
5000000 	254.36188197135925
6000000 	316.79176568984985
7000000 	371.24617862701416
8000000 	420.43927574157715
9000000 	488.6283435821533
10000000 	0
