10 	0.07512068748474121
20 	0.07515358924865723
30 	0.07518219947814941
40 	0.0752110481262207
50 	0.07523989677429199
60 	0.07529687881469727
70 	0.07532548904418945
80 	0.07535409927368164
90 	0.07538294792175293
100 	0.07541227340698242
200 	0.0757284164428711
300 	0.0760345458984375
400 	0.0763542652130127
500 	0.07666945457458496
600 	0.07697486877441406
700 	0.07728195190429688
800 	0.07759857177734375
900 	0.07790994644165039
1000 	0.07821822166442871
2000 	0.08133268356323242
3000 	0.17766928672790527
4000 	0.18077492713928223
5000 	0.2838246822357178
6000 	0.28694939613342285
7000 	0.3528118133544922
8000 	0.35591721534729004
9000 	0.42908430099487305
10000 	0.43219733238220215
11000 	0.514153003692627
12000 	0.517256498336792
13000 	0.5838642120361328
14000 	0.5870146751403809
15000 	0.6817731857299805
17500 	0.7466013431549072
20000 	0.8401448726654053
22500 	1.008939504623413
25000 	1.1002638339996338
30000 	1.2413201332092285
35000 	1.4900972843170166
40000 	1.7148349285125732
45000 	1.9093666076660156
50000 	2.096724033355713
60000 	2.4623076915740967
70000 	2.862088918685913
80000 	3.3740131855010986
90000 	3.8564541339874268
100000 	4.33492374420166
110000 	4.747706174850464
120000 	5.160233736038208
130000 	5.717225790023804
140000 	6.236751079559326
150000 	6.622266054153442
160000 	7.183847427368164
170000 	7.598343133926392
180000 	7.894647836685181
190000 	8.310373544692993
200000 	8.822875022888184
300000 	13.256268501281738
400000 	16.53753352165222
500000 	18.286104202270508
600000 	19.941673517227173
700000 	21.81342840194702
800000 	25.796192169189453
900000 	30.63353443145752
1000000 	34.71433091163635
1100000 	38.00796580314636
1200000 	41.26167702674866
1300000 	45.05490708351135
1400000 	48.29276442527771
1500000 	51.153616428375244
1600000 	53.06213927268982
1700000 	54.87097883224487
1800000 	56.791215896606445
1900000 	58.56268811225891
2000000 	60.24420142173767
3000000 	77.42235445976257
4000000 	95.19700312614441
5000000 	112.82824349403381
6000000 	130.49500441551208
7000000 	148.07066202163696
8000000 	0
9000000 	0
10000000 	0
