10 	0.16032171249389648
20 	0.1603548526763916
30 	0.1603853702545166
40 	0.1604158878326416
50 	0.1604459285736084
60 	0.1604902744293213
70 	0.16052007675170898
80 	0.16055583953857422
90 	0.16058635711669922
100 	0.16061687469482422
200 	0.1609354019165039
300 	0.16126680374145508
400 	0.16159462928771973
500 	0.16191983222961426
600 	0.1622610092163086
700 	0.16258668899536133
800 	0.16291165351867676
900 	0.16324639320373535
1000 	0.16356992721557617
2000 	0.166853666305542
3000 	0.246612548828125
4000 	0.24932551383972168
5000 	0.3718538284301758
6000 	0.37465977668762207
7000 	0.5003488063812256
8000 	0.5028150081634521
9000 	0.5847141742706299
10000 	0.5871977806091309
11000 	0.6492786407470703
12000 	0.6517665386199951
13000 	0.7226769924163818
14000 	0.7251648902893066
15000 	0.81760573387146
17500 	0.9085943698883057
20000 	0.9759094715118408
22500 	1.1509947776794434
25000 	1.323411464691162
30000 	1.5540711879730225
35000 	1.836745023727417
40000 	2.0370700359344482
45000 	2.285085678100586
50000 	2.4392998218536377
60000 	2.901768922805786
70000 	3.3082919120788574
80000 	3.9878242015838623
90000 	4.651537895202637
100000 	5.524721384048462
110000 	6.192794561386108
120000 	6.508821249008179
130000 	7.057129144668579
140000 	7.630670785903931
150000 	8.024791717529297
160000 	8.56676173210144
170000 	9.100158452987671
180000 	9.473066091537476
190000 	9.873867511749268
200000 	10.186975717544556
300000 	12.584196090698242
400000 	14.77574872970581
500000 	16.85610342025757
600000 	21.288687705993652
700000 	23.391907691955566
800000 	27.157429218292236
900000 	32.70629143714905
1000000 	38.706374645233154
1100000 	43.07698106765747
1200000 	48.92174553871155
1300000 	51.39710021018982
1400000 	53.085333824157715
1500000 	55.603338956832886
1600000 	57.32683753967285
1700000 	59.4284942150116
1800000 	61.5201621055603
1900000 	63.84124565124512
2000000 	66.5799651145935
3000000 	93.06099271774292
4000000 	0
5000000 	0
6000000 	0
7000000 	0
8000000 	0
9000000 	0
10000000 	0
