10 	0.01513361930847168
20 	0.015147686004638672
30 	0.015161275863647461
40 	0.01517343521118164
50 	0.015185832977294922
60 	0.015203714370727539
70 	0.015215873718261719
80 	0.015228271484375
90 	0.015240669250488281
100 	0.015253305435180664
200 	0.015384674072265625
300 	0.015517234802246094
400 	0.01564955711364746
500 	0.0157928466796875
600 	0.015928268432617188
700 	0.01605963706970215
800 	0.0161895751953125
900 	0.016319990158081055
1000 	0.01645064353942871
2000 	0.017780542373657227
3000 	0.03195023536682129
4000 	0.03327798843383789
5000 	0.04877781867980957
6000 	0.05008959770202637
7000 	0.06191396713256836
8000 	0.06322407722473145
9000 	0.07951068878173828
10000 	0.08083415031433105
11000 	0.09289669990539551
12000 	0.09421920776367188
13000 	0.10721039772033691
14000 	0.10853743553161621
15000 	0.13030743598937988
17500 	0.1482102870941162
20000 	0.1859118938446045
22500 	0.22160887718200684
25000 	0.23868346214294434
30000 	0.2762727737426758
35000 	0.31505537033081055
40000 	0.3560786247253418
45000 	0.41082167625427246
50000 	0.4513554573059082
60000 	0.5261387825012207
70000 	0.6158690452575684
80000 	0.7031340599060059
90000 	0.7941370010375977
100000 	0.8872880935668945
110000 	0.9605503082275391
120000 	1.0425260066986084
130000 	1.1222097873687744
140000 	1.2143924236297607
150000 	1.2775189876556396
160000 	1.3399467468261719
170000 	1.4209072589874268
180000 	1.5079970359802246
190000 	1.5898282527923584
200000 	1.6615357398986816
300000 	2.4955317974090576
400000 	3.2834243774414062
500000 	4.117294073104858
600000 	4.903960943222046
700000 	5.741786003112793
800000 	6.533535480499268
900000 	7.313797950744629
1000000 	8.163914442062378
1100000 	0
1200000 	0
1300000 	0
1400000 	0
1500000 	0
1600000 	0
1700000 	0
1800000 	0
1900000 	0
2000000 	0
3000000 	0
4000000 	0
5000000 	0
6000000 	0
7000000 	0
8000000 	0
9000000 	0
10000000 	0
