10 	0.8910399863
20 	0.8910578859
30 	0.8910722642
40 	0.8910848625
50 	0.8910963140
60 	0.8911163681
70 	0.8911257756
80 	0.8911343219
90 	0.8911418814
100 	0.8911489410
200 	0.8911930915
300 	0.8912096486
400 	0.8912157289
500 	0.8912179378
600 	0.8912187431
700 	0.8912190377
800 	0.8912191478
900 	0.8912191872
1000 	0.8912192015
2000 	0.8912192099
3000 	0.8912192101
4000 	0.8912192101
5000 	0.8912192101
6000 	0.8912192101
7000 	0.8912192101
8000 	0.8912192101
9000 	0.8912192101
10000 	0.8912192101
11000 	0.8912192101
12000 	0.8912192101
13000 	0.8912192101
14000 	0.8912192101
15000 	0.8912192101
17500 	0.8912192101
20000 	0.8912192101
22500 	0.8912192101
25000 	0.8912192101
30000 	0.8912192101
35000 	0.8912192101
40000 	0.8912192101
45000 	0.8912192101
50000 	0.8912192101
60000 	0.8912192101
70000 	0.8912192101
80000 	0.8912192101
90000 	0.8912192101
100000 	0.8912192101
110000 	0.8912192101
120000 	0.8912192101
130000 	0.8912192101
140000 	0.8912192101
150000 	0.8912192101
160000 	0.8912192101
170000 	0.8912192101
180000 	0.8912192101
190000 	0.8912192101
200000 	0.8912192101
300000 	0.4475271731
400000 	0.0000000000
500000 	0.0000000000
600000 	0.0000000000
700000 	0.0000000000
800000 	0.0000000000
900000 	0.0000000000
1000000 	0.0000000000
1100000 	0.0000000000
1200000 	0.0000000000
1300000 	0.0000000000
1400000 	0.0000000000
1500000 	0.0000000000
1600000 	0.0000000000
1700000 	0.0000000000
1800000 	0.0000000000
1900000 	0.0000000000
2000000 	0.0000000000
3000000 	0.0000000000
4000000 	0.0000000000
5000000 	0.0000000000
6000000 	0.0000000000
7000000 	0.0000000000
8000000 	0.0000000000
9000000 	0.0000000000
10000000 	0.0000000000
