10 	0.9156249857
20 	0.9156494591
30 	0.9156649448
40 	0.9156784189
50 	0.9156910748
60 	0.9157124882
70 	0.9157227170
80 	0.9157321491
90 	0.9157406520
100 	0.9157484016
200 	0.9157975163
300 	0.9158150059
400 	0.9158217095
500 	0.9158241395
600 	0.9158250326
700 	0.9158253584
800 	0.9158254749
900 	0.9158255168
1000 	0.9158255322
2000 	0.9158255412
3000 	0.9158255412
4000 	0.9158255412
5000 	0.9158255412
6000 	0.9158255412
7000 	0.9158255412
8000 	0.9158255412
9000 	0.9158255412
10000 	0.9158255412
11000 	0.9158255412
12000 	0.9158255412
13000 	0.9158255412
14000 	0.9158255412
15000 	0.9158255412
17500 	0.9158255412
20000 	0.9158255412
22500 	0.9158255412
25000 	0.9158255412
30000 	0.9158255412
35000 	0.9158255412
40000 	0.9158255412
45000 	0.9158255412
50000 	0.9158255412
60000 	0.9158255412
70000 	0.9158255412
80000 	0.9158255412
90000 	0.9158255412
100000 	0.9158255412
110000 	0.9158255412
120000 	0.9158255412
130000 	0.9158255412
140000 	0.9158255412
150000 	0.9158255412
160000 	0.9158255412
170000 	0.9158255412
180000 	0.9158255412
190000 	0.9158255412
200000 	0.9158255412
300000 	0.9158255412
400000 	0.9158255412
500000 	0.9158255412
600000 	0.9158255412
700000 	0.9158255412
800000 	0.9158255412
900000 	0.9158255412
1000000 	0.9158255412
1100000 	0.9158255412
1200000 	0.9158255412
1300000 	0.0000000000
1400000 	0.0000000000
1500000 	0.0000000000
1600000 	0.0000000000
1700000 	0.0000000000
1800000 	0.0000000000
1900000 	0.0000000000
2000000 	0.0000000000
3000000 	0.0000000000
4000000 	0.0000000000
5000000 	0.0000000000
6000000 	0.0000000000
7000000 	0.0000000000
8000000 	0.0000000000
9000000 	0.0000000000
10000000 	0.0000000000
