10 	0.9000414213
20 	0.9000622431
30 	0.9000808398
40 	0.9000988801
50 	0.9001169999
60 	0.9001513322
70 	0.9001695315
80 	0.9001878103
90 	0.9002056917
100 	0.9002241294
200 	0.9004153411
300 	0.9006128311
400 	0.9008112748
500 	0.9010068576
600 	0.9012024403
700 	0.9013969103
800 	0.9015960693
900 	0.9017910163
1000 	0.9019843737
2000 	0.9039576054
3000 	1.0145113468
4000 	1.0170892874
5000 	1.1439930598
6000 	1.1465291182
7000 	1.2546232541
8000 	1.2565877438
9000 	1.3397092024
10000 	1.3416417440
11000 	1.4001403650
12000 	1.4014635086
13000 	1.4608607292
14000 	1.4621871312
15000 	1.5127980709
17500 	1.5709218979
20000 	1.6200094223
22500 	1.7421504656
25000 	1.8083302975
30000 	1.9535686175
35000 	2.2663527330
40000 	2.4928646088
45000 	2.8390789827
50000 	2.9840811888
60000 	3.3528384368
70000 	3.6371994019
80000 	3.8986181418
90000 	4.1564025879
100000 	4.4105415344
110000 	4.6846328576
120000 	4.9570326010
130000 	5.2082714240
140000 	5.4745367368
150000 	5.7394940853
160000 	6.0147048632
170000 	6.2988973459
180000 	6.6147247950
190000 	6.9026112556
200000 	7.1974824270
300000 	2.9321049849
400000 	0.0000000000
500000 	0.0000000000
600000 	0.0000000000
700000 	0.0000000000
800000 	0.0000000000
900000 	0.0000000000
1000000 	0.0000000000
1100000 	0.0000000000
1200000 	0.0000000000
1300000 	0.0000000000
1400000 	0.0000000000
1500000 	0.0000000000
1600000 	0.0000000000
1700000 	0.0000000000
1800000 	0.0000000000
1900000 	0.0000000000
2000000 	0.0000000000
3000000 	0.0000000000
4000000 	0.0000000000
5000000 	0.0000000000
6000000 	0.0000000000
7000000 	0.0000000000
8000000 	0.0000000000
9000000 	0.0000000000
10000000 	0.0000000000
