10 	0.04387487104707445
20 	0.04388572087145684
30 	0.043895130231012755
40 	0.043903462122786605
50 	0.04391099879185022
60 	0.043921806393994664
70 	0.043927960822102936
80 	0.0439334144563065
90 	0.04393845934003436
100 	0.043943115464081334
200 	0.043971937815466676
300 	0.04398254839931288
400 	0.04398690425635918
500 	0.04398832166137447
600 	0.043988842748800064
700 	0.04398903439317307
800 	0.04398910412489993
900 	0.04398912957237585
1000 	0.043989138887809406
2000 	0.04398914440107325
3000 	0.043989144521807244
4000 	0.043989144521807244
5000 	0.043989144521807244
6000 	0.043989144521807244
7000 	0.043989144521807244
8000 	0.043989144521807244
9000 	0.043989144521807244
10000 	0.043989144521807244
11000 	0.043989144521807244
12000 	0.043989144521807244
13000 	0.043989144521807244
14000 	0.043989144521807244
15000 	0.043989144521807244
17500 	0.043989144521807244
20000 	0.043989144521807244
22500 	0.043989144521807244
25000 	0.043989144521807244
30000 	0.043989144521807244
35000 	0.043989144521807244
40000 	0.043989144521807244
45000 	0.043989144521807244
50000 	0.043989144521807244
60000 	0.043989144521807244
70000 	0.043989144521807244
80000 	0.043989144521807244
90000 	0.043989144521807244
100000 	0.043989144521807244
110000 	0.043989144521807244
120000 	0.043989144521807244
130000 	0.043989144521807244
140000 	0.043989144521807244
150000 	0.043989144521807244
160000 	0.043989144521807244
170000 	0.043989144521807244
180000 	0.043989144521807244
190000 	0.043989144521807244
200000 	0.043989144521807244
300000 	0.043989144521807244
400000 	0.043989144521807244
500000 	0.043989144521807244
600000 	0.043989144521807244
700000 	0.043989144521807244
800000 	0.043989144521807244
900000 	0.043989144521807244
1000000 	0.043989144521807244
1100000 	0.043989144521807244
1200000 	0.043989144521807244
1300000 	0.043989144521807244
1400000 	0.043989144521807244
1500000 	0.043989144521807244
1600000 	0.043989144521807244
1700000 	0.043989144521807244
1800000 	0.043989144521807244
1900000 	0.043989144521807244
2000000 	0.043989144521807244
3000000 	0.043989144521807244
4000000 	0.043989144521807244
5000000 	0.043989144521807244
6000000 	0.043989144521807244
7000000 	0.043989144521807244
8000000 	0
9000000 	0
10000000 	0
