10 	0.09027309115516316
20 	0.09028457105659247
30 	0.09029379127569102
40 	0.09030195375701866
50 	0.09030948736094745
60 	0.0903211531902741
70 	0.09032730761838238
80 	0.09033276347407858
90 	0.0903376011971468
100 	0.09034225464052173
200 	0.09037100194295306
300 	0.09038161053781787
400 	0.09038549628983061
500 	0.09038699578010809
600 	0.09038751509674528
700 	0.09038770408288783
800 	0.09038777338428192
900 	0.09038779874877399
1000 	0.09038780837940544
2000 	0.09038781380537812
3000 	0.09038781400566495
4000 	0.09038781400566495
5000 	0.09038781400566495
6000 	0.09038781400566495
7000 	0.09038781400566495
8000 	0.09038781400566495
9000 	0.09038781400566495
10000 	0.09038781400566495
11000 	0.09038781400566495
12000 	0.09038781400566495
13000 	0.09038781400566495
14000 	0.09038781400566495
15000 	0.09038781400566495
17500 	0.09038781400566495
20000 	0.09038781400566495
22500 	0.09038781400566495
25000 	0.09038781400566495
30000 	0.09038781400566495
35000 	0.09038781400566495
40000 	0.09038781400566495
45000 	0.09038781400566495
50000 	0.09038781400566495
60000 	0.09038781400566495
70000 	0.09038781400566495
80000 	0.09038781400566495
90000 	0.09038781400566495
100000 	0.09038781400566495
110000 	0.09038781400566495
120000 	0.09038781400566495
130000 	0.09038781400566495
140000 	0.09038781400566495
150000 	0.09038781400566495
160000 	0.09038781400566495
170000 	0.09038781400566495
180000 	0.09038781400566495
190000 	0.09038781400566495
200000 	0.09038781400566495
300000 	0.09038781400566495
400000 	0.09038781400566495
500000 	0.09038781400566495
600000 	0.09038781400566495
700000 	0.09038781400566495
800000 	0.09038781400566495
900000 	0.09038781400566495
1000000 	0.09038781400566495
1100000 	0.09038781400566495
1200000 	0.09038781400566495
1300000 	0.09038781400566495
1400000 	0.09038781400566495
1500000 	0.09038781400566495
1600000 	0.09038781400566495
1700000 	0.09038781400566495
1800000 	0.09038781400566495
1900000 	0.09038781400566495
2000000 	0
3000000 	0
4000000 	0
5000000 	0
6000000 	0
7000000 	0
8000000 	0
9000000 	0
10000000 	0
