10 	0.18816501075920283
20 	0.1881766937656929
30 	0.18818628493811349
40 	0.18819462177679364
50 	0.18820216013105706
60 	0.18821682587526506
70 	0.18822287106140648
80 	0.18822844493991783
90 	0.18823338828401082
100 	0.18823804174490005
200 	0.18826902986161673
300 	0.18827995031240374
400 	0.18828386293879554
500 	0.18828529575845554
600 	0.18828581533888075
700 	0.1882860070061708
800 	0.18828607669726638
900 	0.1882861021880438
1000 	0.18828611225995917
2000 	0.18828611773071388
3000 	0.1882861180509642
4000 	0.1882861180509642
5000 	0.1882861180509642
6000 	0.1882861180509642
7000 	0.1882861180509642
8000 	0.1882861180509642
9000 	0.1882861180509642
10000 	0.1882861180509642
11000 	0.1882861180509642
12000 	0.1882861180509642
13000 	0.1882861180509642
14000 	0.1882861180509642
15000 	0.1882861180509642
17500 	0.1882861180509642
20000 	0.1882861180509642
22500 	0.1882861180509642
25000 	0.1882861180509642
30000 	0.1882861180509642
35000 	0.1882861180509642
40000 	0.1882861180509642
45000 	0.1882861180509642
50000 	0.1882861180509642
60000 	0.1882861180509642
70000 	0.1882861180509642
80000 	0.1882861180509642
90000 	0.1882861180509642
100000 	0.1882861180509642
110000 	0.1882861180509642
120000 	0.1882861180509642
130000 	0.1882861180509642
140000 	0.1882861180509642
150000 	0.1882861180509642
160000 	0.1882861180509642
170000 	0.1882861180509642
180000 	0.1882861180509642
190000 	0.1882861180509642
200000 	0.1882861180509642
300000 	0.1882861180509642
400000 	0.1882861180509642
500000 	0.1882861180509642
600000 	0.1882861180509642
700000 	0.1882861180509642
800000 	0.1882861180509642
900000 	0.1882861180509642
1000000 	0.1882861180509642
1100000 	0.1882861180509642
1200000 	0.1882861180509642
1300000 	0.1882861180509642
1400000 	0.1882861180509642
1500000 	0.1882861180509642
1600000 	0.1882861180509642
1700000 	0.1882861180509642
1800000 	0.1882861180509642
1900000 	0.1882861180509642
2000000 	0
3000000 	0
4000000 	0
5000000 	0
6000000 	0
7000000 	0
8000000 	0
9000000 	0
10000000 	0
