10 	0.256805448957387
20 	0.25681755686439234
30 	0.2568269608252282
40 	0.256835460397605
50 	0.2568431490040786
60 	0.2568576776295758
70 	0.25686384322674005
80 	0.2568695337689644
90 	0.2568748771320038
100 	0.25687953151185555
200 	0.25690911911514225
300 	0.2569206329037898
400 	0.2569246427327281
500 	0.2569260954998543
600 	0.2569266218460794
700 	0.2569268176331858
800 	0.25692688836369465
900 	0.25692691435732207
1000 	0.25692692382263493
2000 	0.256926929522631
3000 	0.25692692994951927
4000 	0.25692692994951927
5000 	0.25692692994951927
6000 	0.25692692994951927
7000 	0.25692692994951927
8000 	0.25692692994951927
9000 	0.25692692994951927
10000 	0.25692692994951927
11000 	0.25692692994951927
12000 	0.25692692994951927
13000 	0.25692692994951927
14000 	0.25692692994951927
15000 	0.25692692994951927
17500 	0.25692692994951927
20000 	0.25692692994951927
22500 	0.25692692994951927
25000 	0.25692692994951927
30000 	0.25692692994951927
35000 	0.25692692994951927
40000 	0.25692692994951927
45000 	0.25692692994951927
50000 	0.25692692994951927
60000 	0.25692692994951927
70000 	0.25692692994951927
80000 	0.25692692994951927
90000 	0.25692692994951927
100000 	0.25692692994951927
110000 	0.25692692994951927
120000 	0.25692692994951927
130000 	0.25692692994951927
140000 	0.25692692994951927
150000 	0.25692692994951927
160000 	0.25692692994951927
170000 	0.25692692994951927
180000 	0.25692692994951927
190000 	0.25692692994951927
200000 	0.25692692994951927
300000 	0.25692692994951927
400000 	0.25692692994951927
500000 	0.25692692994951927
600000 	0.25692692994951927
700000 	0.25692692994951927
800000 	0
900000 	0
1000000 	0
1100000 	0
1200000 	0
1300000 	0
1400000 	0
1500000 	0
1600000 	0
1700000 	0
1800000 	0
1900000 	0
2000000 	0
3000000 	0
4000000 	0
5000000 	0
6000000 	0
7000000 	0
8000000 	0
9000000 	0
10000000 	0
