10 	0.08433526482140576
20 	0.08436291210320097
30 	0.08438540985113042
40 	0.08440522434181065
50 	0.08442316994431645
60 	0.08445279675675671
70 	0.08446783568499902
80 	0.08448142680316859
90 	0.08449341668824581
100 	0.08450463392205473
200 	0.08457446083598566
300 	0.084601286313909
400 	0.08461162919250705
500 	0.08461507438963768
600 	0.08461634373247462
700 	0.08461680477877948
800 	0.08461697321351587
900 	0.08461703543659792
1000 	0.08461705916099253
2000 	0.08461707230601209
3000 	0.0846170724400872
4000 	0.0846170724400872
5000 	0.0846170724400872
6000 	0.0846170724400872
7000 	0.0846170724400872
8000 	0.0846170724400872
9000 	0.0846170724400872
10000 	0.0846170724400872
11000 	0.0846170724400872
12000 	0.0846170724400872
13000 	0.0846170724400872
14000 	0.0846170724400872
15000 	0.0846170724400872
17500 	0.0846170724400872
20000 	0.0846170724400872
22500 	0.0846170724400872
25000 	0.0846170724400872
30000 	0.0846170724400872
35000 	0.0846170724400872
40000 	0.0846170724400872
45000 	0.0846170724400872
50000 	0.0846170724400872
60000 	0.0846170724400872
70000 	0.0846170724400872
80000 	0.0846170724400872
90000 	0.0846170724400872
100000 	0.0846170724400872
110000 	0.0846170724400872
120000 	0.0846170724400872
130000 	0.0846170724400872
140000 	0.0846170724400872
150000 	0.0846170724400872
160000 	0.0846170724400872
170000 	0.0846170724400872
180000 	0.0846170724400872
190000 	0.0846170724400872
200000 	0.0846170724400872
300000 	0.0846170724400872
400000 	0.0846170724400872
500000 	0.0846170724400872
600000 	0.0846170724400872
700000 	0.0846170724400872
800000 	0.0846170724400872
900000 	0.0846170724400872
1000000 	0.0846170724400872
1100000 	0.0846170724400872
1200000 	0.0846170724400872
1300000 	0.0846170724400872
1400000 	0.0846170724400872
1500000 	0.0846170724400872
1600000 	0.0846170724400872
1700000 	0.0846170724400872
1800000 	0.0846170724400872
1900000 	0.0846170724400872
2000000 	0.0846170724400872
3000000 	0.0846170724400872
4000000 	0.0846170724400872
5000000 	0.0846170724400872
6000000 	0.0846170724400872
7000000 	0.0846170724400872
8000000 	0
9000000 	0
10000000 	0
