10 	0.27611721773495423
20 	0.276144030050091
30 	0.2761659544071024
40 	0.27618559425273753
50 	0.276203215028187
60 	0.2762311504999339
70 	0.2762455689331823
80 	0.2762588355032812
90 	0.2762707279292145
100 	0.2762813988237048
200 	0.2763526002862561
300 	0.2763795438800871
400 	0.2763890236467861
500 	0.27639259350415013
600 	0.2763939072768623
700 	0.2763943712105877
800 	0.27639453969192024
900 	0.27639460395966026
1000 	0.27639462676746396
2000 	0.27639464005678427
3000 	0.2763946412670048
4000 	0.2763946412670048
5000 	0.2763946412670048
6000 	0.2763946412670048
7000 	0.2763946412670048
8000 	0.2763946412670048
9000 	0.2763946412670048
10000 	0.2763946412670048
11000 	0.2763946412670048
12000 	0.2763946412670048
13000 	0.2763946412670048
14000 	0.2763946412670048
15000 	0.2763946412670048
17500 	0.2763946412670048
20000 	0.2763946412670048
22500 	0.2763946412670048
25000 	0.2763946412670048
30000 	0.2763946412670048
35000 	0.2763946412670048
40000 	0.2763946412670048
45000 	0.2763946412670048
50000 	0.2763946412670048
60000 	0.2763946412670048
70000 	0.2763946412670048
80000 	0.2763946412670048
90000 	0.2763946412670048
100000 	0.2763946412670048
110000 	0.2763946412670048
120000 	0.2763946412670048
130000 	0.2763946412670048
140000 	0.2763946412670048
150000 	0.2763946412670048
160000 	0.2763946412670048
170000 	0.2763946412670048
180000 	0.2763946412670048
190000 	0.2763946412670048
200000 	0.2763946412670048
300000 	0.2763946412670048
400000 	0.2763946412670048
500000 	0.2763946412670048
600000 	0.2763946412670048
700000 	0.2763946412670048
800000 	0
900000 	0
1000000 	0
1100000 	0
1200000 	0
1300000 	0
1400000 	0
1500000 	0
1600000 	0
1700000 	0
1800000 	0
1900000 	0
2000000 	0
3000000 	0
4000000 	0
5000000 	0
6000000 	0
7000000 	0
8000000 	0
9000000 	0
10000000 	0
