10 	0.02539007581401587
20 	0.025402384653937862
30 	0.025411423042557994
40 	0.02541975330734231
50 	0.02542713209107892
60 	0.025440801254425764
70 	0.025446841264770318
80 	0.02545252852984977
90 	0.025457671734370187
100 	0.025462325177745104
200 	0.025491055884562804
300 	0.025502050204721946
400 	0.025506017688051538
500 	0.02550743064854453
600 	0.025507949007652197
700 	0.0255081383912667
800 	0.02550820783047761
900 	0.025508233101097736
1000 	0.02550824233728326
2000 	0.025508247937602316
3000 	0.02550824799086203
4000 	0.02550824799086203
5000 	0.02550824799086203
6000 	0.02550824799086203
7000 	0.02550824799086203
8000 	0.02550824799086203
9000 	0.02550824799086203
10000 	0.02550824799086203
11000 	0.02550824799086203
12000 	0.02550824799086203
13000 	0.02550824799086203
14000 	0.02550824799086203
15000 	0.02550824799086203
17500 	0.02550824799086203
20000 	0.02550824799086203
22500 	0.02550824799086203
25000 	0.02550824799086203
30000 	0.02550824799086203
35000 	0.02550824799086203
40000 	0.02550824799086203
45000 	0.02550824799086203
50000 	0.02550824799086203
60000 	0.02550824799086203
70000 	0.02550824799086203
80000 	0.02550824799086203
90000 	0.02550824799086203
100000 	0.02550824799086203
110000 	0.02550824799086203
120000 	0.02550824799086203
130000 	0.02550824799086203
140000 	0.02550824799086203
150000 	0.02550824799086203
160000 	0.02550824799086203
170000 	0.02550824799086203
180000 	0.02550824799086203
190000 	0.02550824799086203
200000 	0.02550824799086203
300000 	0.02550824799086203
400000 	0.02550824799086203
500000 	0.02550824799086203
600000 	0.02550824799086203
700000 	0.02550824799086203
800000 	0.02550824799086203
900000 	0.02550824799086203
1000000 	0.02550824799086203
1100000 	0.02550824799086203
1200000 	0.02550824799086203
1300000 	0.02550824799086203
1400000 	0.02550824799086203
1500000 	0.02550824799086203
1600000 	0.02550824799086203
1700000 	0.02550824799086203
1800000 	0.02550824799086203
1900000 	0.02550824799086203
2000000 	0.02550824799086203
3000000 	0.02550824799086203
4000000 	0.02550824799086203
5000000 	0.02550824799086203
6000000 	0.02550824799086203
7000000 	0.02550824799086203
8000000 	0
9000000 	0
10000000 	0
