10 	0.2136381214195664
20 	0.21364958905526002
30 	0.213658617982305
40 	0.2136671227562494
50 	0.2136745122681167
60 	0.21368546001090338
70 	0.21369161551767324
80 	0.21369729479115407
90 	0.21370233442687586
100 	0.2137069832987983
200 	0.21373556679934969
300 	0.21374695355866982
400 	0.21375085787636228
500 	0.21375227414822767
600 	0.2137527914208237
700 	0.2137529819329685
800 	0.21375305110947676
900 	0.2137530763610075
1000 	0.21375308556771203
2000 	0.21375309116252134
3000 	0.21375309152699665
4000 	0.21375309152699665
5000 	0.21375309152699665
6000 	0.21375309152699665
7000 	0.21375309152699665
8000 	0.21375309152699665
9000 	0.21375309152699665
10000 	0.21375309152699665
11000 	0.21375309152699665
12000 	0.21375309152699665
13000 	0.21375309152699665
14000 	0.21375309152699665
15000 	0.21375309152699665
17500 	0.21375309152699665
20000 	0.21375309152699665
22500 	0.21375309152699665
25000 	0.21375309152699665
30000 	0.21375309152699665
35000 	0.21375309152699665
40000 	0.21375309152699665
45000 	0.21375309152699665
50000 	0.21375309152699665
60000 	0.21375309152699665
70000 	0.21375309152699665
80000 	0.21375309152699665
90000 	0.21375309152699665
100000 	0.21375309152699665
110000 	0.21375309152699665
120000 	0.21375309152699665
130000 	0.21375309152699665
140000 	0.21375309152699665
150000 	0.21375309152699665
160000 	0.21375309152699665
170000 	0.21375309152699665
180000 	0.21375309152699665
190000 	0.21375309152699665
200000 	0.21375309152699665
300000 	0.21375309152699665
400000 	0.21375309152699665
500000 	0.21375309152699665
600000 	0.21375309152699665
700000 	0.21375309152699665
800000 	0.21375309152699665
900000 	0.21375309152699665
1000000 	0.21375309152699665
1100000 	0.21375309152699665
1200000 	0.21375309152699665
1300000 	0.21375309152699665
1400000 	0.21375309152699665
1500000 	0.21375309152699665
1600000 	0.21375309152699665
1700000 	0.21375309152699665
1800000 	0.21375309152699665
1900000 	0.21375309152699665
2000000 	0
3000000 	0
4000000 	0
5000000 	0
6000000 	0
7000000 	0
8000000 	0
9000000 	0
10000000 	0
