10 	0.3295487251153276
20 	0.3295597718703804
30 	0.329568984800323
40 	0.32957697765212435
50 	0.32958436258146245
60 	0.32959447960999966
70 	0.32960039828068854
80 	0.3296057476304366
90 	0.32961473268620156
100 	0.3296192999536405
200 	0.3296473704350095
300 	0.3296575242097697
400 	0.3296613294226308
500 	0.32966270629273364
600 	0.3296632065000364
700 	0.3296633906799258
800 	0.32966345812598163
900 	0.32966348293002007
1000 	0.32966349279565876
2000 	0.3296634980506337
3000 	0.3296634985790378
4000 	0.3296634985790378
5000 	0.3296634985790378
6000 	0.3296634985790378
7000 	0.3296634985790378
8000 	0.3296634985790378
9000 	0.3296634985790378
10000 	0.3296634985790378
11000 	0.3296634985790378
12000 	0.3296634985790378
13000 	0.3296634985790378
14000 	0.3296634985790378
15000 	0.3296634985790378
17500 	0.3296634985790378
20000 	0.3296634985790378
22500 	0.3296634985790378
25000 	0.3296634985790378
30000 	0.3296634985790378
35000 	0.3296634985790378
40000 	0.3296634985790378
45000 	0.3296634985790378
50000 	0.3296634985790378
60000 	0.3296634985790378
70000 	0.3296634985790378
80000 	0.3296634985790378
90000 	0.3296634985790378
100000 	0.3296634985790378
110000 	0.3296634985790378
120000 	0.3296634985790378
130000 	0.3296634985790378
140000 	0.3296634985790378
150000 	0.3296634985790378
160000 	0.3296634985790378
170000 	0.3296634985790378
180000 	0.3296634985790378
190000 	0.3296634985790378
200000 	0.3296634985790378
300000 	0.3296634985790378
400000 	0.3296634985790378
500000 	0.3296634985790378
600000 	0.3296634985790378
700000 	0.3296634985790378
800000 	0
900000 	0
1000000 	0
1100000 	0
1200000 	0
1300000 	0
1400000 	0
1500000 	0
1600000 	0
1700000 	0
1800000 	0
1900000 	0
2000000 	0
3000000 	0
4000000 	0
5000000 	0
6000000 	0
