10 	0.09314347480226756
20 	0.09315390181830785
30 	0.09317220116881096
40 	0.09318021252568286
50 	0.0931877433092003
60 	0.09319784263772639
70 	0.09320363088180904
80 	0.09320898455132093
90 	0.09321382547313871
100 	0.09321829345535088
200 	0.09324650337177111
300 	0.0932567473878212
400 	0.09326056949328615
500 	0.09326196246443219
600 	0.09326247069912162
700 	0.09326265624696362
800 	0.09326272429908247
900 	0.09326275100246315
1000 	0.09326276010435325
2000 	0.09326276542701821
3000 	0.09326276560168908
4000 	0.09326276560168908
5000 	0.09326276560168908
6000 	0.09326276560168908
7000 	0.09326276560168908
8000 	0.09326276560168908
9000 	0.09326276560168908
10000 	0.09326276560168908
11000 	0.09326276560168908
12000 	0.09326276560168908
13000 	0.09326276560168908
14000 	0.09326276560168908
15000 	0.09326276560168908
17500 	0.09326276560168908
20000 	0.09326276560168908
22500 	0.09326276560168908
25000 	0.09326276560168908
30000 	0.09326276560168908
35000 	0.09326276560168908
40000 	0.09326276560168908
45000 	0.09326276560168908
50000 	0.09326276560168908
60000 	0.09326276560168908
70000 	0.09326276560168908
80000 	0.09326276560168908
90000 	0.09326276560168908
100000 	0.09326276560168908
110000 	0.09326276560168908
120000 	0.09326276560168908
130000 	0.09326276560168908
140000 	0.09326276560168908
150000 	0.09326276560168908
160000 	0.09326276560168908
170000 	0.09326276560168908
180000 	0.09326276560168908
190000 	0.09326276560168908
200000 	0.09326276560168908
300000 	0.09326276560168908
400000 	0.09326276560168908
500000 	0.09326276560168908
600000 	0.09326276560168908
700000 	0.09326276560168908
800000 	0.09326276560168908
900000 	0.09326276560168908
1000000 	0.09326276560168908
1100000 	0.09326276560168908
1200000 	0.09326276560168908
1300000 	0.09326276560168908
1400000 	0.09326276560168908
1500000 	0.09326276560168908
1600000 	0.09326276560168908
1700000 	0.09326276560168908
1800000 	0.09326276560168908
1900000 	0.09326276560168908
2000000 	0
3000000 	0
4000000 	0
5000000 	0
6000000 	0
