10 	0.11318381130871408
20 	0.11319445396549134
30 	0.11320330686977144
40 	0.11321129989051289
50 	0.11321837678864957
60 	0.11322833297068928
70 	0.11323412488777854
80 	0.11323947983783345
90 	0.11324431970334253
100 	0.11324869680031736
200 	0.11327634428163244
300 	0.1132865555518412
400 	0.11329036896237628
500 	0.11329194171555548
600 	0.11329244481178737
700 	0.11329262952440868
800 	0.11329269701160825
900 	0.11329272192421559
1000 	0.11329273094087662
2000 	0.11329273623331736
3000 	0.11329273652881207
4000 	0.11329273652881207
5000 	0.11329273652881207
6000 	0.11329273652881207
7000 	0.11329273652881207
8000 	0.11329273652881207
9000 	0.11329273652881207
10000 	0.11329273652881207
11000 	0.11329273652881207
12000 	0.11329273652881207
13000 	0.11329273652881207
14000 	0.11329273652881207
15000 	0.11329273652881207
17500 	0.11329273652881207
20000 	0.11329273652881207
22500 	0.11329273652881207
25000 	0.11329273652881207
30000 	0.11329273652881207
35000 	0.11329273652881207
40000 	0.11329273652881207
45000 	0.11329273652881207
50000 	0.11329273652881207
60000 	0.11329273652881207
70000 	0.11329273652881207
80000 	0.11329273652881207
90000 	0.11329273652881207
100000 	0.11329273652881207
110000 	0.11329273652881207
120000 	0.11329273652881207
130000 	0.11329273652881207
140000 	0.11329273652881207
150000 	0.11329273652881207
160000 	0.11329273652881207
170000 	0.11329273652881207
180000 	0.11329273652881207
190000 	0.11329273652881207
200000 	0.11329273652881207
300000 	0.11329273652881207
400000 	0.11329273652881207
500000 	0.11329273652881207
600000 	0.11329273652881207
700000 	0.11329273652881207
800000 	0.11329273652881207
900000 	0.11329273652881207
1000000 	0.11329273652881207
1100000 	0.11329273652881207
1200000 	0.11329273652881207
1300000 	0.11329273652881207
1400000 	0.11329273652881207
1500000 	0.11329273652881207
1600000 	0.11329273652881207
1700000 	0.11329273652881207
1800000 	0.11329273652881207
1900000 	0.11329273652881207
2000000 	0
3000000 	0
4000000 	0
5000000 	0
6000000 	0
