10 	0.11375759300718132
20 	0.1137682108836837
30 	0.11377705799953314
40 	0.11378557795847904
50 	0.11379281721812684
60 	0.11380263356135699
70 	0.11380842421217503
80 	0.11381388241336268
90 	0.1138186166583544
100 	0.11382299556340122
200 	0.11385083703405205
300 	0.1138610993847115
400 	0.11386545534424669
500 	0.11386684034870447
600 	0.11386734635175826
700 	0.11386753368699515
800 	0.1138676016453411
900 	0.11386762641710814
1000 	0.11386763543614721
2000 	0.11386764076090643
3000 	0.11386764099600494
4000 	0.11386764099600494
5000 	0.11386764099600494
6000 	0.11386764099600494
7000 	0.11386764099600494
8000 	0.11386764099600494
9000 	0.11386764099600494
10000 	0.11386764099600494
11000 	0.11386764099600494
12000 	0.11386764099600494
13000 	0.11386764099600494
14000 	0.11386764099600494
15000 	0.11386764099600494
17500 	0.11386764099600494
20000 	0.11386764099600494
22500 	0.11386764099600494
25000 	0.11386764099600494
30000 	0.11386764099600494
35000 	0.11386764099600494
40000 	0.11386764099600494
45000 	0.11386764099600494
50000 	0.11386764099600494
60000 	0.11386764099600494
70000 	0.11386764099600494
80000 	0.11386764099600494
90000 	0.11386764099600494
100000 	0.11386764099600494
110000 	0.11386764099600494
120000 	0.11386764099600494
130000 	0.11386764099600494
140000 	0.11386764099600494
150000 	0.11386764099600494
160000 	0.11386764099600494
170000 	0.11386764099600494
180000 	0.11386764099600494
190000 	0.11386764099600494
200000 	0.11386764099600494
300000 	0.11386764099600494
400000 	0.11386764099600494
500000 	0.11386764099600494
600000 	0.11386764099600494
700000 	0.11386764099600494
800000 	0.11386764099600494
900000 	0.11386764099600494
1000000 	0.11386764099600494
1100000 	0.11386764099600494
1200000 	0.11386764099600494
1300000 	0.11386764099600494
1400000 	0.11386764099600494
1500000 	0.11386764099600494
1600000 	0.11386764099600494
1700000 	0.11386764099600494
1800000 	0.11386764099600494
1900000 	0.11386764099600494
2000000 	0
3000000 	0
4000000 	0
5000000 	0
6000000 	0
