10 	0.2586482305281297
20 	0.25865865130865706
30 	0.25866786433226924
40 	0.2586760300847085
50 	0.2586832662927037
60 	0.25869309490341397
70 	0.25869901220704783
80 	0.2587044758967823
90 	0.2587094212401099
100 	0.25871398383477234
200 	0.25874159308638506
300 	0.25875184475256774
400 	0.2587556362691582
500 	0.25875721929056356
600 	0.25875772016791804
700 	0.258757904281509
800 	0.2587579715072064
900 	0.2587579962434072
1000 	0.25875800526987053
2000 	0.2587580110155644
3000 	0.2587580113669972
4000 	0.2587580113669972
5000 	0.2587580113669972
6000 	0.2587580113669972
7000 	0.2587580113669972
8000 	0.2587580113669972
9000 	0.2587580113669972
10000 	0.2587580113669972
11000 	0.2587580113669972
12000 	0.2587580113669972
13000 	0.2587580113669972
14000 	0.2587580113669972
15000 	0.2587580113669972
17500 	0.2587580113669972
20000 	0.2587580113669972
22500 	0.2587580113669972
25000 	0.2587580113669972
30000 	0.2587580113669972
35000 	0.2587580113669972
40000 	0.2587580113669972
45000 	0.2587580113669972
50000 	0.2587580113669972
60000 	0.2587580113669972
70000 	0.2587580113669972
80000 	0.2587580113669972
90000 	0.2587580113669972
100000 	0.2587580113669972
110000 	0.2587580113669972
120000 	0.2587580113669972
130000 	0.2587580113669972
140000 	0.2587580113669972
150000 	0.2587580113669972
160000 	0.2587580113669972
170000 	0.2587580113669972
180000 	0.2587580113669972
190000 	0.2587580113669972
200000 	0.2587580113669972
300000 	0.2587580113669972
400000 	0.2587580113669972
500000 	0.2587580113669972
600000 	0.2587580113669972
700000 	0.2587580113669972
800000 	0
900000 	0
1000000 	0
1100000 	0
1200000 	0
1300000 	0
1400000 	0
1500000 	0
1600000 	0
1700000 	0
1800000 	0
1900000 	0
2000000 	0
3000000 	0
4000000 	0
5000000 	0
6000000 	0
