10 	0.6381015356
20 	0.6381150314
30 	0.6381259821
40 	0.6381354788
50 	0.6381443780
60 	0.6381591861
70 	0.6381662118
80 	0.6381724875
90 	0.6381781028
100 	0.6381838022
200 	0.6382177111
300 	0.6382295190
400 	0.6382339006
500 	0.6382355240
600 	0.6382361060
700 	0.6382363235
800 	0.6382364007
900 	0.6382364300
1000 	0.6382364403
2000 	0.6382364463
3000 	0.6382364474
4000 	0.6382364474
5000 	0.6382364474
6000 	0.6382364474
7000 	0.6382364474
8000 	0.6382364474
9000 	0.6382364474
10000 	0.6382364474
11000 	0.6382364474
12000 	0.6382364474
13000 	0.6382364474
14000 	0.6382364474
15000 	0.6382364474
17500 	0.6382364474
20000 	0.6382364474
22500 	0.6382364474
25000 	0.6382364474
30000 	0.6382364474
35000 	0.6382364474
40000 	0.6382364474
45000 	0.6382364474
50000 	0.6382364474
60000 	0.6382364474
70000 	0.6382364474
80000 	0.6382364474
90000 	0.6382364474
100000 	0.6382364474
110000 	0.6382364474
120000 	0.6382364474
130000 	0.6382364474
140000 	0.6382364474
150000 	0.6382364474
160000 	0.6382364474
170000 	0.6382364474
180000 	0.6382364474
190000 	0.6382364474
200000 	0.6382364474
300000 	0.6382364474
400000 	0.6382364474
500000 	0.6382364474
600000 	0.6382364474
700000 	0.6382364474
800000 	0.6382364474
900000 	0.6382364474
1000000 	0.6382364474
1100000 	0.6382364474
1200000 	0.6382364474
1300000 	0.6382364474
1400000 	0.6382364474
1500000 	0.6382364474
1600000 	0.6382364474
1700000 	0.0000000000
1800000 	0.0000000000
1900000 	0.0000000000
2000000 	0.0000000000
3000000 	0.0000000000
4000000 	0.0000000000
5000000 	0.0000000000
6000000 	0.0000000000
7000000 	0.0000000000
8000000 	0.0000000000
9000000 	0.0000000000
10000000 	0.0000000000
