10 	0.0588185787
20 	0.0588356654
30 	0.0588498116
40 	0.0588634014
50 	0.0588771502
60 	0.0589019457
70 	0.0589152177
80 	0.0589290460
90 	0.0589466095
100 	0.0589601199
200 	0.0591136614
300 	0.0592593352
400 	0.0594043732
500 	0.0595451991
600 	0.0596925418
700 	0.0598524412
800 	0.0600054264
900 	0.0601472060
1000 	0.0602926413
2000 	0.0617334843
3000 	0.0857334137
4000 	0.0871828397
5000 	0.1117566427
6000 	0.1131883462
7000 	0.1352022489
8000 	0.1366264025
9000 	0.1601510843
10000 	0.1615773042
11000 	0.1861738364
12000 	0.1876000563
13000 	0.2137288253
14000 	0.2151588599
15000 	0.2419462204
17500 	0.2695345879
20000 	0.2965795199
22500 	0.3476270835
25000 	0.3766179880
30000 	0.4338126977
35000 	0.5093338490
40000 	0.5674825509
45000 	0.6461579800
50000 	0.7025821209
60000 	0.8602964083
70000 	1.0086038113
80000 	1.1351418495
90000 	1.2804549535
100000 	1.4373076757
110000 	1.5923308531
120000 	1.7239373525
130000 	1.8795455297
140000 	2.0212955475
150000 	2.1647112370
160000 	2.2955371539
170000 	2.4401650429
180000 	2.5711572170
190000 	2.7052025795
200000 	2.8406236966
300000 	4.1691056887
400000 	5.4686342875
500000 	6.8094890912
600000 	8.1589727402
700000 	9.4723564784
800000 	10.7714749972
900000 	12.0741609732
1000000 	13.4192849795
1100000 	14.8595730464
1200000 	16.2128635248
1300000 	0.0000000000
1400000 	0.0000000000
1500000 	0.0000000000
1600000 	0.0000000000
1700000 	0.0000000000
1800000 	0.0000000000
1900000 	0.0000000000
2000000 	0.0000000000
3000000 	0.0000000000
4000000 	0.0000000000
5000000 	0.0000000000
6000000 	0.0000000000
7000000 	0.0000000000
8000000 	0.0000000000
9000000 	0.0000000000
10000000 	0.0000000000
