10 	0.1073105117749117
20 	0.1073217637895617
30 	0.10733078926845296
40 	0.10733877871496048
50 	0.10734615912198273
60 	0.10735997933429427
70 	0.10736601711187793
80 	0.10737147868100483
90 	0.10737662097263076
100 	0.10738118355857545
200 	0.10740959776121893
300 	0.10742002460832006
400 	0.10742389936357709
500 	0.1074253040053603
600 	0.10742587867478968
700 	0.10742606880995995
800 	0.1074261376323211
900 	0.10742616288939207
1000 	0.10742617211216027
2000 	0.1074261774996905
3000 	0.10742617777916602
4000 	0.10742617777916602
5000 	0.10742617777916602
6000 	0.10742617777916602
7000 	0.10742617777916602
8000 	0.10742617777916602
9000 	0.10742617777916602
10000 	0.10742617777916602
11000 	0.10742617777916602
12000 	0.10742617777916602
13000 	0.10742617777916602
14000 	0.10742617777916602
15000 	0.10742617777916602
17500 	0.10742617777916602
20000 	0.10742617777916602
22500 	0.10742617777916602
25000 	0.10742617777916602
30000 	0.10742617777916602
35000 	0.10742617777916602
40000 	0.10742617777916602
45000 	0.10742617777916602
50000 	0.10742617777916602
60000 	0.10742617777916602
70000 	0.10742617777916602
80000 	0.10742617777916602
90000 	0.10742617777916602
100000 	0.10742617777916602
110000 	0.10742617777916602
120000 	0.10742617777916602
130000 	0.10742617777916602
140000 	0.10742617777916602
150000 	0.10742617777916602
160000 	0.10742617777916602
170000 	0.10742617777916602
180000 	0.10742617777916602
190000 	0.10742617777916602
200000 	0.10742617777916602
300000 	0.10742617777916602
400000 	0.10742617777916602
500000 	0.10742617777916602
600000 	0.10742617777916602
700000 	0.10742617777916602
800000 	0.10742617777916602
900000 	0.10742617777916602
1000000 	0.10742617777916602
1100000 	0.10742617777916602
1200000 	0.10742617777916602
1300000 	0.10742617777916602
1400000 	0.10742617777916602
1500000 	0.10742617777916602
1600000 	0.10742617777916602
1700000 	0.10742617777916602
1800000 	0.10742617777916602
1900000 	0.10742617777916602
2000000 	0
3000000 	0
4000000 	0
5000000 	0
6000000 	0
7000000 	0
8000000 	0
9000000 	0
10000000 	0
