10 	0.046016352391391985
20 	0.04602823425789424
30 	0.046038204134443705
40 	0.046047041117251705
50 	0.046055040636624085
60 	0.04606982991575263
70 	0.04607623863028453
80 	0.04608203236696171
90 	0.04608707620494396
100 	0.04609201157698936
200 	0.04612216994585685
300 	0.04613374214567003
400 	0.0461378605862758
500 	0.046139338831893126
600 	0.0461398838589257
700 	0.046140084141351956
800 	0.04614015693705467
900 	0.04614018365611778
1000 	0.04614019335023443
2000 	0.046140199193786584
3000 	0.04614019924288066
4000 	0.04614019924288066
5000 	0.04614019924288066
6000 	0.04614019924288066
7000 	0.04614019924288066
8000 	0.04614019924288066
9000 	0.04614019924288066
10000 	0.04614019924288066
11000 	0.04614019924288066
12000 	0.04614019924288066
13000 	0.04614019924288066
14000 	0.04614019924288066
15000 	0.04614019924288066
17500 	0.04614019924288066
20000 	0.04614019924288066
22500 	0.04614019924288066
25000 	0.04614019924288066
30000 	0.04614019924288066
35000 	0.04614019924288066
40000 	0.04614019924288066
45000 	0.04614019924288066
50000 	0.04614019924288066
60000 	0.04614019924288066
70000 	0.04614019924288066
80000 	0.04614019924288066
90000 	0.04614019924288066
100000 	0.04614019924288066
110000 	0.04614019924288066
120000 	0.04614019924288066
130000 	0.04614019924288066
140000 	0.04614019924288066
150000 	0.04614019924288066
160000 	0.04614019924288066
170000 	0.04614019924288066
180000 	0.04614019924288066
190000 	0.04614019924288066
200000 	0.04614019924288066
300000 	0.04614019924288066
400000 	0.04614019924288066
500000 	0.04614019924288066
600000 	0.04614019924288066
700000 	0.04614019924288066
800000 	0.04614019924288066
900000 	0.04614019924288066
1000000 	0.04614019924288066
1100000 	0.04614019924288066
1200000 	0.04614019924288066
1300000 	0.04614019924288066
1400000 	0.04614019924288066
1500000 	0.04614019924288066
1600000 	0.04614019924288066
1700000 	0.04614019924288066
1800000 	0.04614019924288066
1900000 	0.04614019924288066
2000000 	0.04614019924288066
3000000 	0.04614019924288066
4000000 	0.04614019924288066
5000000 	0.04614019924288066
6000000 	0.04614019924288066
7000000 	0.04614019924288066
8000000 	0.04614019924288066
9000000 	0.04614019924288066
10000000 	0
