10 	0.07436791420900496
20 	0.07439618116847246
30 	0.07441828344262078
40 	0.07443845205422848
50 	0.07445669069661442
60 	0.07449003304288584
70 	0.07450482149572377
80 	0.07451819800475884
90 	0.07453040209548284
100 	0.0745416286478618
200 	0.074615373221556
300 	0.07464114545235409
400 	0.07465113754714152
500 	0.07465470390652694
600 	0.07465596670733252
700 	0.07465643164596929
800 	0.07465660613826616
900 	0.07465666986955324
1000 	0.07465669259652373
2000 	0.07465670600400755
3000 	0.07465670617658735
4000 	0.07465670617658735
5000 	0.07465670617658735
6000 	0.07465670617658735
7000 	0.07465670617658735
8000 	0.07465670617658735
9000 	0.07465670617658735
10000 	0.07465670617658735
11000 	0.07465670617658735
12000 	0.07465670617658735
13000 	0.07465670617658735
14000 	0.07465670617658735
15000 	0.07465670617658735
17500 	0.07465670617658735
20000 	0.07465670617658735
22500 	0.07465670617658735
25000 	0.07465670617658735
30000 	0.07465670617658735
35000 	0.07465670617658735
40000 	0.07465670617658735
45000 	0.07465670617658735
50000 	0.07465670617658735
60000 	0.07465670617658735
70000 	0.07465670617658735
80000 	0.07465670617658735
90000 	0.07465670617658735
100000 	0.07465670617658735
110000 	0.07465670617658735
120000 	0.07465670617658735
130000 	0.07465670617658735
140000 	0.07465670617658735
150000 	0.07465670617658735
160000 	0.07465670617658735
170000 	0.07465670617658735
180000 	0.07465670617658735
190000 	0.07465670617658735
200000 	0.07465670617658735
300000 	0.07465670617658735
400000 	0.07465670617658735
500000 	0.07465670617658735
600000 	0.07465670617658735
700000 	0.07465670617658735
800000 	0.07465670617658735
900000 	0.07465670617658735
1000000 	0.07465670617658735
1100000 	0.07465670617658735
1200000 	0.07465670617658735
1300000 	0.07465670617658735
1400000 	0.07465670617658735
1500000 	0.07465670617658735
1600000 	0.07465670617658735
1700000 	0.07465670617658735
1800000 	0.07465670617658735
1900000 	0.07465670617658735
2000000 	0.07465670617658735
3000000 	0.07465670617658735
4000000 	0.07465670617658735
5000000 	0.07465670617658735
6000000 	0.07465670617658735
7000000 	0.07465670617658735
8000000 	0
9000000 	0
10000000 	0
