10 	0.03694748553805412
20 	0.03695896351283255
30 	0.0369679999171429
40 	0.03697633184162785
50 	0.03698371376681515
60 	0.03699752858663263
70 	0.037003443334387376
80 	0.037008799316635144
90 	0.03701394376126504
100 	0.037018595295044567
200 	0.03704747022992998
300 	0.037059048291798166
400 	0.037062981049467335
500 	0.0370644000467694
600 	0.037065063938480226
700 	0.03706525610828826
800 	0.03706532708150428
900 	0.03706535329733068
1000 	0.037065363207863654
2000 	0.037065368745960676
3000 	0.037065368812286385
4000 	0.037065368812286385
5000 	0.037065368812286385
6000 	0.037065368812286385
7000 	0.037065368812286385
8000 	0.037065368812286385
9000 	0.037065368812286385
10000 	0.037065368812286385
11000 	0.037065368812286385
12000 	0.037065368812286385
13000 	0.037065368812286385
14000 	0.037065368812286385
15000 	0.037065368812286385
17500 	0.037065368812286385
20000 	0.037065368812286385
22500 	0.037065368812286385
25000 	0.037065368812286385
30000 	0.037065368812286385
35000 	0.037065368812286385
40000 	0.037065368812286385
45000 	0.037065368812286385
50000 	0.037065368812286385
60000 	0.037065368812286385
70000 	0.037065368812286385
80000 	0.037065368812286385
90000 	0.037065368812286385
100000 	0.037065368812286385
110000 	0.037065368812286385
120000 	0.037065368812286385
130000 	0.037065368812286385
140000 	0.037065368812286385
150000 	0.037065368812286385
160000 	0.037065368812286385
170000 	0.037065368812286385
180000 	0.037065368812286385
190000 	0.037065368812286385
200000 	0.037065368812286385
300000 	0.037065368812286385
400000 	0.037065368812286385
500000 	0.037065368812286385
600000 	0.037065368812286385
700000 	0.037065368812286385
800000 	0.037065368812286385
900000 	0.037065368812286385
1000000 	0.037065368812286385
1100000 	0.037065368812286385
1200000 	0.037065368812286385
1300000 	0.037065368812286385
1400000 	0.037065368812286385
1500000 	0.037065368812286385
1600000 	0.037065368812286385
1700000 	0.037065368812286385
1800000 	0.037065368812286385
1900000 	0.037065368812286385
2000000 	0.037065368812286385
3000000 	0.037065368812286385
4000000 	0.037065368812286385
5000000 	0.037065368812286385
6000000 	0.037065368812286385
7000000 	0.037065368812286385
8000000 	0
9000000 	0
10000000 	0
