10 	0.024106499887613052
20 	0.02411861204257732
30 	0.02412801770835882
40 	0.024136178275160104
50 	0.024143710436468867
60 	0.024156666988220436
70 	0.02416258177345599
80 	0.02416815789691937
90 	0.024173093162072654
100 	0.024177837489935808
200 	0.024206484611765187
300 	0.024217018000516153
400 	0.024220931423645797
500 	0.024222355223013314
600 	0.024222871204593023
700 	0.024223085145800325
800 	0.024223154419495244
900 	0.02422317983829994
1000 	0.024223189129595164
2000 	0.024223194609871535
3000 	0.024223194660480844
4000 	0.024223194660480844
5000 	0.024223194660480844
6000 	0.024223194660480844
7000 	0.024223194660480844
8000 	0.024223194660480844
9000 	0.024223194660480844
10000 	0.024223194660480844
11000 	0.024223194660480844
12000 	0.024223194660480844
13000 	0.024223194660480844
14000 	0.024223194660480844
15000 	0.024223194660480844
17500 	0.024223194660480844
20000 	0.024223194660480844
22500 	0.024223194660480844
25000 	0.024223194660480844
30000 	0.024223194660480844
35000 	0.024223194660480844
40000 	0.024223194660480844
45000 	0.024223194660480844
50000 	0.024223194660480844
60000 	0.024223194660480844
70000 	0.024223194660480844
80000 	0.024223194660480844
90000 	0.024223194660480844
100000 	0.024223194660480844
110000 	0.024223194660480844
120000 	0.024223194660480844
130000 	0.024223194660480844
140000 	0.024223194660480844
150000 	0.024223194660480844
160000 	0.024223194660480844
170000 	0.024223194660480844
180000 	0.024223194660480844
190000 	0.024223194660480844
200000 	0.024223194660480844
300000 	0.024223194660480844
400000 	0.024223194660480844
500000 	0.024223194660480844
600000 	0.024223194660480844
700000 	0.024223194660480844
800000 	0.024223194660480844
900000 	0.024223194660480844
1000000 	0.024223194660480844
1100000 	0.024223194660480844
1200000 	0.024223194660480844
1300000 	0.024223194660480844
1400000 	0.024223194660480844
1500000 	0.024223194660480844
1600000 	0.024223194660480844
1700000 	0.024223194660480844
1800000 	0.024223194660480844
1900000 	0.024223194660480844
2000000 	0.024223194660480844
3000000 	0.024223194660480844
4000000 	0.024223194660480844
5000000 	0.024223194660480844
6000000 	0.024223194660480844
7000000 	0.024223194660480844
8000000 	0
9000000 	0
10000000 	0
