10 	0.08760142704484952
20 	0.08761246975972756
30 	0.08762186264636876
40 	0.0876301894880558
50 	0.08763756985017365
60 	0.0876483814574033
70 	0.08765441791944935
80 	0.08765987938644884
90 	0.08766481571713818
100 	0.08766928727933472
200 	0.08769784512477559
300 	0.08770830134458896
400 	0.08771220144172405
500 	0.08771361244686206
600 	0.08771418756408547
700 	0.08771437762880276
800 	0.08771444688596215
900 	0.08771447228660197
1000 	0.08771448156036726
2000 	0.08771448699187273
3000 	0.08771448715592665
4000 	0.08771448715592665
5000 	0.08771448715592665
6000 	0.08771448715592665
7000 	0.08771448715592665
8000 	0.08771448715592665
9000 	0.08771448715592665
10000 	0.08771448715592665
11000 	0.08771448715592665
12000 	0.08771448715592665
13000 	0.08771448715592665
14000 	0.08771448715592665
15000 	0.08771448715592665
17500 	0.08771448715592665
20000 	0.08771448715592665
22500 	0.08771448715592665
25000 	0.08771448715592665
30000 	0.08771448715592665
35000 	0.08771448715592665
40000 	0.08771448715592665
45000 	0.08771448715592665
50000 	0.08771448715592665
60000 	0.08771448715592665
70000 	0.08771448715592665
80000 	0.08771448715592665
90000 	0.08771448715592665
100000 	0.08771448715592665
110000 	0.08771448715592665
120000 	0.08771448715592665
130000 	0.08771448715592665
140000 	0.08771448715592665
150000 	0.08771448715592665
160000 	0.08771448715592665
170000 	0.08771448715592665
180000 	0.08771448715592665
190000 	0.08771448715592665
200000 	0.08771448715592665
300000 	0.08771448715592665
400000 	0.08771448715592665
500000 	0.08771448715592665
600000 	0.08771448715592665
700000 	0.08771448715592665
800000 	0.08771448715592665
900000 	0.08771448715592665
1000000 	0.08771448715592665
1100000 	0.08771448715592665
1200000 	0.08771448715592665
1300000 	0.08771448715592665
1400000 	0.08771448715592665
1500000 	0.08771448715592665
1600000 	0.08771448715592665
1700000 	0.08771448715592665
1800000 	0.08771448715592665
1900000 	0.08771448715592665
2000000 	0
3000000 	0
4000000 	0
5000000 	0
6000000 	0
7000000 	0
8000000 	0
9000000 	0
10000000 	0
