10 	0.1428899282887285
20 	0.14292775993415416
30 	0.1429513557484359
40 	0.14297218369279768
50 	0.14299146040548238
60 	0.14301619812344815
70 	0.14303209723933996
80 	0.14304602388166257
90 	0.14305872128983935
100 	0.1430704058861203
200 	0.14314299518238013
300 	0.14316965419697117
400 	0.14317984507012343
500 	0.14318344693041646
600 	0.14318480887433307
700 	0.1431853065120277
800 	0.14318548233656528
900 	0.14318554980150694
1000 	0.1431855742135208
2000 	0.14318558794081437
3000 	0.1431855880806959
4000 	0.1431855880806959
5000 	0.1431855880806959
6000 	0.1431855880806959
7000 	0.1431855880806959
8000 	0.1431855880806959
9000 	0.1431855880806959
10000 	0.1431855880806959
11000 	0.1431855880806959
12000 	0.1431855880806959
13000 	0.1431855880806959
14000 	0.1431855880806959
15000 	0.1431855880806959
17500 	0.1431855880806959
20000 	0.1431855880806959
22500 	0.1431855880806959
25000 	0.1431855880806959
30000 	0.1431855880806959
35000 	0.1431855880806959
40000 	0.1431855880806959
45000 	0.1431855880806959
50000 	0.1431855880806959
60000 	0.1431855880806959
70000 	0.1431855880806959
80000 	0.1431855880806959
90000 	0.1431855880806959
100000 	0.1431855880806959
110000 	0.1431855880806959
120000 	0.1431855880806959
130000 	0.1431855880806959
140000 	0.1431855880806959
150000 	0.1431855880806959
160000 	0.1431855880806959
170000 	0.1431855880806959
180000 	0.1431855880806959
190000 	0.1431855880806959
200000 	0.1431855880806959
300000 	0.1431855880806959
400000 	0.1431855880806959
500000 	0.1431855880806959
600000 	0.1431855880806959
700000 	0.1431855880806959
800000 	0.1431855880806959
900000 	0.1431855880806959
1000000 	0.1431855880806959
1100000 	0.1431855880806959
1200000 	0.1431855880806959
1300000 	0.1431855880806959
1400000 	0.1431855880806959
1500000 	0.1431855880806959
1600000 	0.1431855880806959
1700000 	0.1431855880806959
1800000 	0.1431855880806959
1900000 	0.1431855880806959
2000000 	0.1431855880806959
3000000 	0.1431855880806959
4000000 	0
5000000 	0
6000000 	0
7000000 	0
8000000 	0
9000000 	0
10000000 	0
