10 	0.313945643382686
20 	0.313956891461159
30 	0.3139659148231061
40 	0.31397425013577285
50 	0.3139816334421303
60 	0.31399515435502484
70 	0.3140011895255931
80 	0.314006655414256
90 	0.31401170435847015
100 	0.3140162742232368
200 	0.31404493839517855
300 	0.3140554528626076
400 	0.31405937207430273
500 	0.31406078401663906
600 	0.3140613335536295
700 	0.3140615256826233
800 	0.3140615949846449
900 	0.3140616204530383
1000 	0.3140616298759001
2000 	0.314061635311866
3000 	0.3140616358143417
4000 	0.3140616358143417
5000 	0.3140616358143417
6000 	0.3140616358143417
7000 	0.3140616358143417
8000 	0.3140616358143417
9000 	0.3140616358143417
10000 	0.3140616358143417
11000 	0.3140616358143417
12000 	0.3140616358143417
13000 	0.3140616358143417
14000 	0.3140616358143417
15000 	0.3140616358143417
17500 	0.3140616358143417
20000 	0.3140616358143417
22500 	0.3140616358143417
25000 	0.3140616358143417
30000 	0.3140616358143417
35000 	0.3140616358143417
40000 	0.3140616358143417
45000 	0.3140616358143417
50000 	0.3140616358143417
60000 	0.3140616358143417
70000 	0.3140616358143417
80000 	0.3140616358143417
90000 	0.3140616358143417
100000 	0.3140616358143417
110000 	0.3140616358143417
120000 	0.3140616358143417
130000 	0.3140616358143417
140000 	0.3140616358143417
150000 	0.3140616358143417
160000 	0.3140616358143417
170000 	0.3140616358143417
180000 	0.3140616358143417
190000 	0.3140616358143417
200000 	0.3140616358143417
300000 	0.3140616358143417
400000 	0.3140616358143417
500000 	0.3140616358143417
600000 	0.3140616358143417
700000 	0.3140616358143417
800000 	0
900000 	0
1000000 	0
1100000 	0
1200000 	0
1300000 	0
1400000 	0
1500000 	0
1600000 	0
1700000 	0
1800000 	0
1900000 	0
2000000 	0
3000000 	0
4000000 	0
5000000 	0
6000000 	0
7000000 	0
8000000 	0
9000000 	0
10000000 	0
