10 	0.06572120095886824
20 	0.06573370863706457
30 	0.06574366161429851
40 	0.06575248846474697
50 	0.06576047874381488
60 	0.06577884100427582
70 	0.06578537639707463
80 	0.06579128128863793
90 	0.06579662857890245
100 	0.06580146203130764
200 	0.06583187488933462
300 	0.06584306877064233
400 	0.06584716688010692
500 	0.06584866023975139
600 	0.06584922212260244
700 	0.06584942415775202
800 	0.06584949933572673
900 	0.06584952626917796
1000 	0.06584953598772887
2000 	0.06584954166242481
3000 	0.06584954178445306
4000 	0.06584954178445306
5000 	0.06584954178445306
6000 	0.06584954178445306
7000 	0.06584954178445306
8000 	0.06584954178445306
9000 	0.06584954178445306
10000 	0.06584954178445306
11000 	0.06584954178445306
12000 	0.06584954178445306
13000 	0.06584954178445306
14000 	0.06584954178445306
15000 	0.06584954178445306
17500 	0.06584954178445306
20000 	0.06584954178445306
22500 	0.06584954178445306
25000 	0.06584954178445306
30000 	0.06584954178445306
35000 	0.06584954178445306
40000 	0.06584954178445306
45000 	0.06584954178445306
50000 	0.06584954178445306
60000 	0.06584954178445306
70000 	0.06584954178445306
80000 	0.06584954178445306
90000 	0.06584954178445306
100000 	0.06584954178445306
110000 	0.06584954178445306
120000 	0.06584954178445306
130000 	0.06584954178445306
140000 	0.06584954178445306
150000 	0.06584954178445306
160000 	0.06584954178445306
170000 	0.06584954178445306
180000 	0.06584954178445306
190000 	0.06584954178445306
200000 	0.06584954178445306
300000 	0.06584954178445306
400000 	0.06584954178445306
500000 	0.06584954178445306
600000 	0.06584954178445306
700000 	0.06584954178445306
800000 	0.06584954178445306
900000 	0.06584954178445306
1000000 	0.06584954178445306
1100000 	0.06584954178445306
1200000 	0.06584954178445306
1300000 	0.06584954178445306
1400000 	0.06584954178445306
1500000 	0.06584954178445306
1600000 	0.06584954178445306
1700000 	0.06584954178445306
1800000 	0.06584954178445306
1900000 	0.06584954178445306
2000000 	0.06584954178445306
3000000 	0.06584954178445306
4000000 	0
5000000 	0
6000000 	0
7000000 	0
8000000 	0
9000000 	0
10000000 	0
