10 	0.2080086453469523
20 	0.2080207284119553
30 	0.20802994102319616
40 	0.20803844579681013
50 	0.20804687908127797
60 	0.2080606965629746
70 	0.20806710913751386
80 	0.20807302086413385
90 	0.20807816115775526
100 	0.20808290086930534
200 	0.20811287288620747
300 	0.20812385932074434
400 	0.20812927140904958
500 	0.20813075337041748
600 	0.2081312909133105
700 	0.20813149572897305
800 	0.20813156795523663
900 	0.20813159436449136
1000 	0.20813160406361805
2000 	0.20813160984433
3000 	0.2081316099991918
4000 	0.2081316099991918
5000 	0.2081316099991918
6000 	0.2081316099991918
7000 	0.2081316099991918
8000 	0.2081316099991918
9000 	0.2081316099991918
10000 	0.2081316099991918
11000 	0.2081316099991918
12000 	0.2081316099991918
13000 	0.2081316099991918
14000 	0.2081316099991918
15000 	0.2081316099991918
17500 	0.2081316099991918
20000 	0.2081316099991918
22500 	0.2081316099991918
25000 	0.2081316099991918
30000 	0.2081316099991918
35000 	0.2081316099991918
40000 	0.2081316099991918
45000 	0.2081316099991918
50000 	0.2081316099991918
60000 	0.2081316099991918
70000 	0.2081316099991918
80000 	0.2081316099991918
90000 	0.2081316099991918
100000 	0.2081316099991918
110000 	0.2081316099991918
120000 	0.2081316099991918
130000 	0.2081316099991918
140000 	0.2081316099991918
150000 	0.2081316099991918
160000 	0.2081316099991918
170000 	0.2081316099991918
180000 	0.2081316099991918
190000 	0.2081316099991918
200000 	0.2081316099991918
300000 	0.2081316099991918
400000 	0.2081316099991918
500000 	0.2081316099991918
600000 	0.2081316099991918
700000 	0.2081316099991918
800000 	0.2081316099991918
900000 	0.2081316099991918
1000000 	0.2081316099991918
1100000 	0.2081316099991918
1200000 	0.2081316099991918
1300000 	0.2081316099991918
1400000 	0.2081316099991918
1500000 	0.2081316099991918
1600000 	0.2081316099991918
1700000 	0.2081316099991918
1800000 	0.2081316099991918
1900000 	0.2081316099991918
2000000 	0.2081316099991918
3000000 	0.2081316099991918
4000000 	0.2081316099991918
5000000 	0.2081316099991918
6000000 	0.2081316099991918
7000000 	0.2081316099991918
8000000 	0.2081316099991918
9000000 	0
10000000 	0
