10 	0.13151852852410317
20 	0.1315320995709367
30 	0.1315428378414918
40 	0.13155184075895554
50 	0.13155937276840507
60 	0.1315728852284917
70 	0.13157918232978943
80 	0.13158487178337122
90 	0.1315900151219729
100 	0.13159475850575394
200 	0.1316251190076174
300 	0.1316361448859079
400 	0.13164018944891684
500 	0.13164180518629054
600 	0.13164234613565623
700 	0.13164254491036337
800 	0.13164262052073067
900 	0.13164264700445724
1000 	0.13164265675838738
2000 	0.1316426624489009
3000 	0.13164266261491522
4000 	0.13164266261491522
5000 	0.13164266261491522
6000 	0.13164266261491522
7000 	0.13164266261491522
8000 	0.13164266261491522
9000 	0.13164266261491522
10000 	0.13164266261491522
11000 	0.13164266261491522
12000 	0.13164266261491522
13000 	0.13164266261491522
14000 	0.13164266261491522
15000 	0.13164266261491522
17500 	0.13164266261491522
20000 	0.13164266261491522
22500 	0.13164266261491522
25000 	0.13164266261491522
30000 	0.13164266261491522
35000 	0.13164266261491522
40000 	0.13164266261491522
45000 	0.13164266261491522
50000 	0.13164266261491522
60000 	0.13164266261491522
70000 	0.13164266261491522
80000 	0.13164266261491522
90000 	0.13164266261491522
100000 	0.13164266261491522
110000 	0.13164266261491522
120000 	0.13164266261491522
130000 	0.13164266261491522
140000 	0.13164266261491522
150000 	0.13164266261491522
160000 	0.13164266261491522
170000 	0.13164266261491522
180000 	0.13164266261491522
190000 	0.13164266261491522
200000 	0.13164266261491522
300000 	0.13164266261491522
400000 	0.13164266261491522
500000 	0.13164266261491522
600000 	0.13164266261491522
700000 	0.13164266261491522
800000 	0.13164266261491522
900000 	0.13164266261491522
1000000 	0.13164266261491522
1100000 	0.13164266261491522
1200000 	0.13164266261491522
1300000 	0.13164266261491522
1400000 	0.13164266261491522
1500000 	0.13164266261491522
1600000 	0.13164266261491522
1700000 	0.13164266261491522
1800000 	0.13164266261491522
1900000 	0.13164266261491522
2000000 	0.13164266261491522
3000000 	0.13164266261491522
4000000 	0.13164266261491522
5000000 	0.13164266261491522
6000000 	0.13164266261491522
7000000 	0.13164266261491522
8000000 	0.13164266261491522
9000000 	0
10000000 	0
