10 	0.25807640780628804
20 	0.2580902129501584
30 	0.2581002089294394
40 	0.2581088780808552
50 	0.25811640860462826
60 	0.25813091804637356
70 	0.2581370785787862
80 	0.25814254004578563
90 	0.25814768448108255
100 	0.25815234441522233
200 	0.2581855496327149
300 	0.2581964511881729
400 	0.25820037037149823
500 	0.2582017972791765
600 	0.25820231783302616
700 	0.25820251051859305
800 	0.2582025801825495
900 	0.2582026057827244
1000 	0.25820261575932685
2000 	0.25820262130642324
3000 	0.25820262179341974
4000 	0.25820262179341974
5000 	0.25820262179341974
6000 	0.25820262179341974
7000 	0.25820262179341974
8000 	0.25820262179341974
9000 	0.25820262179341974
10000 	0.25820262179341974
11000 	0.25820262179341974
12000 	0.25820262179341974
13000 	0.25820262179341974
14000 	0.25820262179341974
15000 	0.25820262179341974
17500 	0.25820262179341974
20000 	0.25820262179341974
22500 	0.25820262179341974
25000 	0.25820262179341974
30000 	0.25820262179341974
35000 	0.25820262179341974
40000 	0.25820262179341974
45000 	0.25820262179341974
50000 	0.25820262179341974
60000 	0.25820262179341974
70000 	0.25820262179341974
80000 	0.25820262179341974
90000 	0.25820262179341974
100000 	0.25820262179341974
110000 	0.25820262179341974
120000 	0.25820262179341974
130000 	0.25820262179341974
140000 	0.25820262179341974
150000 	0.25820262179341974
160000 	0.25820262179341974
170000 	0.25820262179341974
180000 	0.25820262179341974
190000 	0.25820262179341974
200000 	0.25820262179341974
300000 	0.25820262179341974
400000 	0.25820262179341974
500000 	0.25820262179341974
600000 	0.25820262179341974
700000 	0.25820262179341974
800000 	0
900000 	0
1000000 	0
1100000 	0
1200000 	0
1300000 	0
1400000 	0
1500000 	0
1600000 	0
1700000 	0
1800000 	0
1900000 	0
2000000 	0
3000000 	0
4000000 	0
5000000 	0
6000000 	0
7000000 	0
8000000 	0
9000000 	0
10000000 	0
