10 	0.12763372301714185
20 	0.1276460134364011
30 	0.12765522612258337
40 	0.1276638885625189
50 	0.12767157243490299
60 	0.12768578921854953
70 	0.12769231967180097
80 	0.12769800564568104
90 	0.12770335406370048
100 	0.12770828116360913
200 	0.12773837926893591
300 	0.1277493818641724
400 	0.12775346211210425
500 	0.12775505619588584
600 	0.12775559530250066
700 	0.12775579729157716
800 	0.12775587056983123
900 	0.12775589812944568
1000 	0.12775590779316112
2000 	0.1277559134512937
3000 	0.12775591355728805
4000 	0.12775591355728805
5000 	0.12775591355728805
6000 	0.12775591355728805
7000 	0.12775591355728805
8000 	0.12775591355728805
9000 	0.12775591355728805
10000 	0.12775591355728805
11000 	0.12775591355728805
12000 	0.12775591355728805
13000 	0.12775591355728805
14000 	0.12775591355728805
15000 	0.12775591355728805
17500 	0.12775591355728805
20000 	0.12775591355728805
22500 	0.12775591355728805
25000 	0.12775591355728805
30000 	0.12775591355728805
35000 	0.12775591355728805
40000 	0.12775591355728805
45000 	0.12775591355728805
50000 	0.12775591355728805
60000 	0.12775591355728805
70000 	0.12775591355728805
80000 	0.12775591355728805
90000 	0.12775591355728805
100000 	0.12775591355728805
110000 	0.12775591355728805
120000 	0.12775591355728805
130000 	0.12775591355728805
140000 	0.12775591355728805
150000 	0.12775591355728805
160000 	0.12775591355728805
170000 	0.12775591355728805
180000 	0.12775591355728805
190000 	0.12775591355728805
200000 	0.12775591355728805
300000 	0.12775591355728805
400000 	0.12775591355728805
500000 	0.12775591355728805
600000 	0.12775591355728805
700000 	0.12775591355728805
800000 	0.12775591355728805
900000 	0.12775591355728805
1000000 	0.12775591355728805
1100000 	0.12775591355728805
1200000 	0.12775591355728805
1300000 	0.12775591355728805
1400000 	0.12775591355728805
1500000 	0.12775591355728805
1600000 	0.12775591355728805
1700000 	0.12775591355728805
1800000 	0.12775591355728805
1900000 	0.12775591355728805
2000000 	0.12775591355728805
3000000 	0.12775591355728805
4000000 	0.12775591355728805
5000000 	0.12775591355728805
6000000 	0.12775591355728805
7000000 	0.12775591355728805
8000000 	0.12775591355728805
9000000 	0
10000000 	0
