10 	0.15871694014636364
20 	0.1587453622078421
30 	0.15876895240232666
40 	0.1587902769033741
50 	0.15880926046939098
60 	0.15883499681850138
70 	0.15885040200585512
80 	0.15886704070276836
90 	0.1588799463481057
100 	0.15889161712928088
200 	0.15896505409410508
300 	0.15899275113589462
400 	0.15900289122963246
500 	0.1590065638618373
600 	0.1590079756287337
700 	0.15900846855774362
800 	0.15900864817718377
900 	0.15900871544688078
1000 	0.15900873940280855
2000 	0.15900875339348383
3000 	0.15900875353652363
4000 	0.15900875353652363
5000 	0.15900875353652363
6000 	0.15900875353652363
7000 	0.15900875353652363
8000 	0.15900875353652363
9000 	0.15900875353652363
10000 	0.15900875353652363
11000 	0.15900875353652363
12000 	0.15900875353652363
13000 	0.15900875353652363
14000 	0.15900875353652363
15000 	0.15900875353652363
17500 	0.15900875353652363
20000 	0.15900875353652363
22500 	0.15900875353652363
25000 	0.15900875353652363
30000 	0.15900875353652363
35000 	0.15900875353652363
40000 	0.15900875353652363
45000 	0.15900875353652363
50000 	0.15900875353652363
60000 	0.15900875353652363
70000 	0.15900875353652363
80000 	0.15900875353652363
90000 	0.15900875353652363
100000 	0.15900875353652363
110000 	0.15900875353652363
120000 	0.15900875353652363
130000 	0.15900875353652363
140000 	0.15900875353652363
150000 	0.15900875353652363
160000 	0.15900875353652363
170000 	0.15900875353652363
180000 	0.15900875353652363
190000 	0.15900875353652363
200000 	0.15900875353652363
300000 	0.15900875353652363
400000 	0.15900875353652363
500000 	0.15900875353652363
600000 	0.15900875353652363
700000 	0.15900875353652363
800000 	0.15900875353652363
900000 	0.15900875353652363
1000000 	0.15900875353652363
1100000 	0.15900875353652363
1200000 	0.15900875353652363
1300000 	0.15900875353652363
1400000 	0.15900875353652363
1500000 	0.15900875353652363
1600000 	0.15900875353652363
1700000 	0.15900875353652363
1800000 	0.15900875353652363
1900000 	0.15900875353652363
2000000 	0.15900875353652363
3000000 	0.15900875353652363
4000000 	0
5000000 	0
6000000 	0
7000000 	0
8000000 	0
9000000 	0
10000000 	0
