10 	0.11548186640059292
20 	0.11549496866666871
30 	0.11550567122565143
40 	0.1155151777132223
50 	0.11552377053616965
60 	0.1155435661282412
70 	0.11555059664078358
80 	0.11555695392254317
90 	0.11556249617293453
100 	0.11556759933494677
200 	0.11560005247476798
300 	0.11561189896728388
400 	0.11561625041288597
500 	0.11561781387796068
600 	0.11561838756826802
700 	0.11561860128946409
800 	0.11561868217652523
900 	0.11561871065524748
1000 	0.11561872158687082
2000 	0.11561872763900115
3000 	0.11561872785127043
4000 	0.11561872785127043
5000 	0.11561872785127043
6000 	0.11561872785127043
7000 	0.11561872785127043
8000 	0.11561872785127043
9000 	0.11561872785127043
10000 	0.11561872785127043
11000 	0.11561872785127043
12000 	0.11561872785127043
13000 	0.11561872785127043
14000 	0.11561872785127043
15000 	0.11561872785127043
17500 	0.11561872785127043
20000 	0.11561872785127043
22500 	0.11561872785127043
25000 	0.11561872785127043
30000 	0.11561872785127043
35000 	0.11561872785127043
40000 	0.11561872785127043
45000 	0.11561872785127043
50000 	0.11561872785127043
60000 	0.11561872785127043
70000 	0.11561872785127043
80000 	0.11561872785127043
90000 	0.11561872785127043
100000 	0.11561872785127043
110000 	0.11561872785127043
120000 	0.11561872785127043
130000 	0.11561872785127043
140000 	0.11561872785127043
150000 	0.11561872785127043
160000 	0.11561872785127043
170000 	0.11561872785127043
180000 	0.11561872785127043
190000 	0.11561872785127043
200000 	0.11561872785127043
300000 	0.11561872785127043
400000 	0.11561872785127043
500000 	0.11561872785127043
600000 	0.11561872785127043
700000 	0.11561872785127043
800000 	0.11561872785127043
900000 	0.11561872785127043
1000000 	0.11561872785127043
1100000 	0.11561872785127043
1200000 	0.11561872785127043
1300000 	0.11561872785127043
1400000 	0.11561872785127043
1500000 	0.11561872785127043
1600000 	0.11561872785127043
1700000 	0.11561872785127043
1800000 	0.11561872785127043
1900000 	0.11561872785127043
2000000 	0.11561872785127043
3000000 	0.11561872785127043
4000000 	0.11561872785127043
5000000 	0
6000000 	0
7000000 	0
8000000 	0
9000000 	0
10000000 	0
