10 	0.1241994086880679
20 	0.12421150404056958
30 	0.1242209041423791
40 	0.1242356314221338
50 	0.12424347169324453
60 	0.1242587142585644
70 	0.12426512683310363
80 	0.12427091382608525
90 	0.12427595762408482
100 	0.12428097553672894
200 	0.12431079517227903
300 	0.12432176918642013
400 	0.1243258471152086
500 	0.12432733865422668
600 	0.12432788577008681
700 	0.1243280954570129
800 	0.12432817005713681
900 	0.12432819661984217
1000 	0.12432820641139962
2000 	0.12432821203576183
3000 	0.12432821217987447
4000 	0.12432821217987447
5000 	0.12432821217987447
6000 	0.12432821217987447
7000 	0.12432821217987447
8000 	0.12432821217987447
9000 	0.12432821217987447
10000 	0.12432821217987447
11000 	0.12432821217987447
12000 	0.12432821217987447
13000 	0.12432821217987447
14000 	0.12432821217987447
15000 	0.12432821217987447
17500 	0.12432821217987447
20000 	0.12432821217987447
22500 	0.12432821217987447
25000 	0.12432821217987447
30000 	0.12432821217987447
35000 	0.12432821217987447
40000 	0.12432821217987447
45000 	0.12432821217987447
50000 	0.12432821217987447
60000 	0.12432821217987447
70000 	0.12432821217987447
80000 	0.12432821217987447
90000 	0.12432821217987447
100000 	0.12432821217987447
110000 	0.12432821217987447
120000 	0.12432821217987447
130000 	0.12432821217987447
140000 	0.12432821217987447
150000 	0.12432821217987447
160000 	0.12432821217987447
170000 	0.12432821217987447
180000 	0.12432821217987447
190000 	0.12432821217987447
200000 	0.12432821217987447
300000 	0.12432821217987447
400000 	0.12432821217987447
500000 	0.12432821217987447
600000 	0.12432821217987447
700000 	0.12432821217987447
800000 	0.12432821217987447
900000 	0.12432821217987447
1000000 	0.12432821217987447
1100000 	0.12432821217987447
1200000 	0.12432821217987447
1300000 	0.12432821217987447
1400000 	0.12432821217987447
1500000 	0.12432821217987447
1600000 	0.12432821217987447
1700000 	0.12432821217987447
1800000 	0.12432821217987447
1900000 	0.12432821217987447
2000000 	0.12432821217987447
3000000 	0.12432821217987447
4000000 	0.12432821217987447
5000000 	0.12432821217987447
6000000 	0.12432821217987447
7000000 	0.12432821217987447
8000000 	0.12432821217987447
9000000 	0.12432821217987447
10000000 	0
