10 	0.06021463261853596
20 	0.06022810430146572
30 	0.060238249994699414
40 	0.06024776139850882
50 	0.060256364903609826
60 	0.06027055934466816
70 	0.060277218732256437
80 	0.06028369836860473
90 	0.0602894447760963
100 	0.06029445897080237
200 	0.06033392548498336
300 	0.06034642604072354
400 	0.06035101417847134
500 	0.06035258072906254
600 	0.060353161239475116
700 	0.06035337229230361
800 	0.06035344935575035
900 	0.060353477838225145
1000 	0.06035348844998462
2000 	0.06035349447933813
3000 	0.06035349452128042
4000 	0.06035349452128042
5000 	0.06035349452128042
6000 	0.06035349452128042
7000 	0.06035349452128042
8000 	0.06035349452128042
9000 	0.06035349452128042
10000 	0.06035349452128042
11000 	0.06035349452128042
12000 	0.06035349452128042
13000 	0.06035349452128042
14000 	0.06035349452128042
15000 	0.06035349452128042
17500 	0.06035349452128042
20000 	0.06035349452128042
22500 	0.06035349452128042
25000 	0.06035349452128042
30000 	0.06035349452128042
35000 	0.06035349452128042
40000 	0.06035349452128042
45000 	0.06035349452128042
50000 	0.06035349452128042
60000 	0.06035349452128042
70000 	0.06035349452128042
80000 	0.06035349452128042
90000 	0.06035349452128042
100000 	0.06035349452128042
110000 	0.06035349452128042
120000 	0.06035349452128042
130000 	0.06035349452128042
140000 	0.06035349452128042
150000 	0.06035349452128042
160000 	0.06035349452128042
170000 	0.06035349452128042
180000 	0.06035349452128042
190000 	0.06035349452128042
200000 	0.06035349452128042
300000 	0.06035349452128042
400000 	0.06035349452128042
500000 	0.06035349452128042
600000 	0.06035349452128042
700000 	0.06035349452128042
800000 	0.06035349452128042
900000 	0.06035349452128042
1000000 	0.06035349452128042
1100000 	0.06035349452128042
1200000 	0.06035349452128042
1300000 	0
1400000 	0
1500000 	0
1600000 	0
1700000 	0
1800000 	0
1900000 	0
2000000 	0
3000000 	0
4000000 	0
5000000 	0
6000000 	0
7000000 	0
8000000 	0
9000000 	0
10000000 	0
