10 	0.34886789321899414
20 	0.3488810062408447
30 	0.3488931655883789
40 	0.3489055633544922
50 	0.34891772270202637
60 	0.3489387035369873
70 	0.3489508628845215
80 	0.34896278381347656
90 	0.34897518157958984
100 	0.3489871025085449
200 	0.34911561012268066
300 	0.349245548248291
400 	0.34937429428100586
500 	0.3495032787322998
600 	0.34963035583496094
700 	0.34976887702941895
800 	0.3498966693878174
900 	0.3500239849090576
1000 	0.35015106201171875
2000 	0.3514437675476074
3000 	0.6731023788452148
4000 	0.6744089126586914
5000 	0.9950990676879883
6000 	0.9963936805725098
7000 	1.3678996562957764
8000 	1.3691961765289307
9000 	1.698380708694458
10000 	1.6996731758117676
11000 	2.0840816497802734
12000 	2.0853819847106934
13000 	2.407433271408081
14000 	2.4087319374084473
15000 	2.772472381591797
17500 	3.1031079292297363
20000 	3.5267841815948486
22500 	4.324183940887451
25000 	4.699095964431763
30000 	5.3942811489105225
35000 	6.4881508350372314
40000 	7.122264385223389
45000 	8.141724824905396
50000 	8.866998195648193
60000 	10.72747278213501
70000 	12.479902505874634
80000 	14.279119968414307
90000 	16.001120567321777
100000 	17.7649188041687
110000 	19.599194049835205
120000 	21.32752513885498
130000 	23.10720705986023
140000 	24.844175100326538
150000 	26.692846536636353
160000 	28.513644456863403
170000 	30.300153255462646
180000 	32.090604305267334
190000 	33.863001585006714
200000 	35.63751006126404
300000 	53.756749391555786
400000 	72.10979270935059
500000 	90.10708570480347
600000 	107.8745539188385
700000 	125.58717441558838
800000 	0
900000 	0
1000000 	0
1100000 	0
1200000 	0
1300000 	0
1400000 	0
1500000 	0
1600000 	0
1700000 	0
1800000 	0
1900000 	0
2000000 	0
3000000 	0
4000000 	0
5000000 	0
6000000 	0
7000000 	0
8000000 	0
9000000 	0
10000000 	0
