10 	0.29790210723876953
20 	0.29791808128356934
30 	0.297931432723999
40 	0.2979435920715332
50 	0.2979555130004883
60 	0.29798221588134766
70 	0.29799437522888184
80 	0.2980062961578369
90 	0.298018217086792
100 	0.2980308532714844
200 	0.2981598377227783
300 	0.29830050468444824
400 	0.2984292507171631
500 	0.2985568046569824
600 	0.29868412017822266
700 	0.2988121509552002
800 	0.29893946647644043
900 	0.29906725883483887
1000 	0.2991943359375
2000 	0.30049848556518555
3000 	0.5148265361785889
4000 	0.5161199569702148
5000 	0.7292680740356445
6000 	0.7305610179901123
7000 	0.9239859580993652
8000 	0.9252769947052002
9000 	1.1178879737854004
10000 	1.1191749572753906
11000 	1.3094291687011719
12000 	1.3107237815856934
13000 	1.506162166595459
14000 	1.5074613094329834
15000 	1.718217134475708
17500 	1.9503726959228516
20000 	2.167273998260498
22500 	2.5893423557281494
25000 	2.8117222785949707
30000 	3.222961902618408
35000 	3.8535687923431396
40000 	4.280817270278931
45000 	4.912804841995239
50000 	5.313767194747925
60000 	6.306155443191528
70000 	7.32505989074707
80000 	8.377589225769043
90000 	9.371204137802124
100000 	10.360568523406982
110000 	11.727928876876831
120000 	12.69848108291626
130000 	14.504572868347168
140000 	17.09314250946045
150000 	19.41087245941162
160000 	20.399717807769775
170000 	21.353949546813965
180000 	22.383331060409546
190000 	23.378324270248413
200000 	24.39097785949707
300000 	37.896236419677734
400000 	48.95324230194092
500000 	59.08730340003967
600000 	69.76572871208191
700000 	79.93068361282349
800000 	0
900000 	0
1000000 	0
1100000 	0
1200000 	0
1300000 	0
1400000 	0
1500000 	0
1600000 	0
1700000 	0
1800000 	0
1900000 	0
2000000 	0
3000000 	0
4000000 	0
5000000 	0
6000000 	0
7000000 	0
8000000 	0
9000000 	0
10000000 	0
