10 	0.10507583618164062
20 	0.10509061813354492
30 	0.1051025390625
40 	0.10511398315429688
50 	0.10512590408325195
60 	0.10515117645263672
70 	0.1051628589630127
80 	0.10517430305480957
90 	0.10518646240234375
100 	0.10519838333129883
200 	0.10532402992248535
300 	0.10545992851257324
400 	0.10558629035949707
500 	0.10571098327636719
600 	0.10583615303039551
700 	0.10596156120300293
800 	0.10608649253845215
900 	0.10621142387390137
1000 	0.10633587837219238
2000 	0.10760927200317383
3000 	0.2140355110168457
4000 	0.2153172492980957
5000 	0.3133847713470459
6000 	0.31467103958129883
7000 	0.41573333740234375
8000 	0.41701269149780273
9000 	0.5233447551727295
10000 	0.5246286392211914
11000 	0.6305608749389648
12000 	0.6318306922912598
13000 	0.7312965393066406
14000 	0.7325911521911621
15000 	0.8382968902587891
17500 	0.9556012153625488
20000 	1.0642359256744385
22500 	1.2735023498535156
25000 	1.3695425987243652
30000 	1.5982234477996826
35000 	1.8777892589569092
40000 	2.0799431800842285
45000 	2.3738064765930176
50000 	2.5720746517181396
60000 	3.1064088344573975
70000 	3.6419289112091064
80000 	4.177510738372803
90000 	4.710266828536987
100000 	5.327700614929199
110000 	5.848702907562256
120000 	6.352322578430176
130000 	6.8631956577301025
140000 	7.358875036239624
150000 	7.85492205619812
160000 	8.379196882247925
170000 	8.919800519943237
180000 	9.467163801193237
190000 	9.972961902618408
200000 	10.48286485671997
300000 	16.18337631225586
400000 	21.646071672439575
500000 	26.923898220062256
600000 	33.553481578826904
700000 	42.747788429260254
800000 	47.99053645133972
900000 	53.473602533340454
1000000 	58.801753520965576
1100000 	66.52730464935303
1200000 	77.45828771591187
1300000 	82.8987500667572
1400000 	88.09124541282654
1500000 	93.46615719795227
1600000 	98.65379881858826
1700000 	107.75877094268799
1800000 	113.09915471076965
1900000 	118.36584496498108
2000000 	0
3000000 	0
4000000 	0
5000000 	0
6000000 	0
7000000 	0
8000000 	0
9000000 	0
10000000 	0
