10 	0.031517982482910156
20 	0.031531333923339844
30 	0.03154325485229492
40 	0.0315554141998291
50 	0.03156709671020508
60 	0.031586408615112305
70 	0.03159832954406738
80 	0.03161025047302246
90 	0.03162240982055664
100 	0.03163433074951172
200 	0.03175973892211914
300 	0.03189826011657715
400 	0.03202557563781738
500 	0.03215169906616211
600 	0.032277822494506836
700 	0.03240489959716797
800 	0.032531023025512695
900 	0.03265738487243652
1000 	0.03278350830078125
2000 	0.034060001373291016
3000 	0.09385037422180176
4000 	0.09517097473144531
5000 	0.17700815200805664
6000 	0.1782855987548828
7000 	0.2775235176086426
8000 	0.27880215644836426
9000 	0.38222289085388184
10000 	0.38350367546081543
11000 	0.4955880641937256
12000 	0.49686670303344727
13000 	0.5959925651550293
14000 	0.5972650051116943
15000 	0.6987576484680176
17500 	0.813133955001831
20000 	0.9228665828704834
22500 	1.1296567916870117
25000 	1.2327642440795898
30000 	1.4523944854736328
35000 	1.7651467323303223
40000 	1.9811046123504639
45000 	2.2872488498687744
50000 	2.4952244758605957
60000 	3.0172009468078613
70000 	3.5464680194854736
80000 	4.076539516448975
90000 	4.600701808929443
100000 	5.139467239379883
110000 	5.666198968887329
120000 	6.213778018951416
130000 	6.735955715179443
140000 	7.274224042892456
150000 	7.814718008041382
160000 	8.356751441955566
170000 	8.897165536880493
180000 	9.413761854171753
190000 	9.96251654624939
200000 	10.484732389450073
300000 	15.820474863052368
400000 	21.076550006866455
500000 	26.421273231506348
600000 	31.76794409751892
700000 	37.10299253463745
800000 	42.420438289642334
900000 	47.796329975128174
1000000 	53.101736068725586
1100000 	58.45157504081726
1200000 	63.83405661582947
1300000 	69.10341382026672
1400000 	74.45042037963867
1500000 	79.8332633972168
1600000 	85.14826393127441
1700000 	90.51327991485596
1800000 	95.83627843856812
1900000 	101.15625786781311
2000000 	106.49165654182434
3000000 	159.86812782287598
4000000 	213.12851548194885
5000000 	266.49349188804626
6000000 	319.6355314254761
7000000 	372.9969747066498
8000000 	0
9000000 	0
10000000 	0
