10 	0.03852391242980957
20 	0.038537025451660156
30 	0.038549184799194336
40 	0.038561344146728516
50 	0.038573265075683594
60 	0.03859996795654297
70 	0.03861212730407715
80 	0.03862452507019043
90 	0.03863692283630371
100 	0.038649797439575195
200 	0.038779258728027344
300 	0.038908958435058594
400 	0.039038896560668945
500 	0.039168596267700195
600 	0.03929710388183594
700 	0.03943324089050293
800 	0.039562225341796875
900 	0.03969073295593262
1000 	0.03981947898864746
2000 	0.0411226749420166
3000 	0.08256340026855469
4000 	0.08386731147766113
5000 	0.12639355659484863
6000 	0.12768125534057617
7000 	0.16776657104492188
8000 	0.1690523624420166
9000 	0.21315360069274902
10000 	0.21445679664611816
11000 	0.2512626647949219
12000 	0.25255584716796875
13000 	0.3002285957336426
14000 	0.30153369903564453
15000 	0.33881640434265137
17500 	0.3858067989349365
20000 	0.42698216438293457
22500 	0.5033302307128906
25000 	0.5423390865325928
30000 	0.6318752765655518
35000 	0.7657878398895264
40000 	0.8501672744750977
45000 	0.9693665504455566
50000 	1.0568530559539795
60000 	1.2710309028625488
70000 	1.4869468212127686
80000 	1.6908020973205566
90000 	1.8932325839996338
100000 	2.101162910461426
110000 	2.3187222480773926
120000 	2.5297577381134033
130000 	2.7484612464904785
140000 	2.9717936515808105
150000 	3.1892504692077637
160000 	3.40273380279541
170000 	3.6136178970336914
180000 	3.880209445953369
190000 	4.1454737186431885
200000 	4.352993488311768
300000 	6.556189060211182
400000 	8.692766427993774
500000 	10.765346050262451
600000 	13.76843786239624
700000 	17.79665994644165
800000 	22.465402126312256
900000 	27.78005599975586
1000000 	32.22099232673645
1100000 	34.770297050476074
1200000 	36.938435077667236
1300000 	39.48522639274597
1400000 	41.58318638801575
1500000 	43.747413635253906
1600000 	45.92800688743591
1700000 	48.0929479598999
1800000 	50.26474928855896
1900000 	52.527273178100586
2000000 	55.04945921897888
3000000 	81.45784616470337
4000000 	105.68891668319702
5000000 	126.83669686317444
6000000 	151.06696105003357
7000000 	174.1775643825531
8000000 	0
9000000 	0
10000000 	0
