10 	0.10752081871032715
20 	0.10753488540649414
30 	0.10754680633544922
40 	0.1075589656829834
50 	0.10757112503051758
60 	0.10759449005126953
70 	0.1076059341430664
80 	0.10761785507202148
90 	0.10762953758239746
100 	0.10764217376708984
200 	0.10777664184570312
300 	0.10790348052978516
400 	0.10802960395812988
500 	0.10815882682800293
600 	0.10828471183776855
700 	0.10841035842895508
800 	0.1085362434387207
900 	0.10866165161132812
1000 	0.10879302024841309
2000 	0.11007499694824219
3000 	0.1840052604675293
4000 	0.18529176712036133
5000 	0.26870083808898926
6000 	0.2699747085571289
7000 	0.34279704093933105
8000 	0.3440842628479004
9000 	0.41920971870422363
10000 	0.4204871654510498
11000 	0.49622011184692383
12000 	0.4974963665008545
13000 	0.5846712589263916
14000 	0.5859525203704834
15000 	0.6621589660644531
17500 	0.7503662109375
20000 	0.8382480144500732
22500 	0.9941174983978271
25000 	1.0709538459777832
30000 	1.2420215606689453
35000 	1.4796051979064941
40000 	1.6442022323608398
45000 	1.89333176612854
50000 	2.052659511566162
60000 	2.471884250640869
70000 	2.887619733810425
80000 	3.2859749794006348
90000 	3.6889262199401855
100000 	4.082151889801025
110000 	4.501574993133545
120000 	4.900667667388916
130000 	5.301400184631348
140000 	5.686155319213867
150000 	6.0872862339019775
160000 	6.487463474273682
170000 	6.908823251724243
180000 	7.3159098625183105
190000 	7.719841241836548
200000 	8.116181373596191
300000 	12.516463279724121
400000 	16.589969396591187
500000 	21.232606410980225
600000 	25.257010459899902
700000 	29.49818778038025
800000 	33.62673902511597
900000 	37.750593185424805
1000000 	42.17939519882202
1100000 	46.50962519645691
1200000 	50.75119352340698
1300000 	55.06198740005493
1400000 	59.086769580841064
1500000 	63.20025682449341
1600000 	67.34933710098267
1700000 	71.43646597862244
1800000 	75.53899121284485
1900000 	79.9461076259613
2000000 	0
3000000 	0
4000000 	0
5000000 	0
6000000 	0
7000000 	0
8000000 	0
9000000 	0
10000000 	0
