10 	0.05330395698547363
20 	0.05331730842590332
30 	0.0533294677734375
40 	0.05334138870239258
50 	0.05335354804992676
60 	0.05337810516357422
70 	0.0533900260925293
80 	0.05340218544006348
90 	0.053414344787597656
100 	0.053426504135131836
200 	0.053551435470581055
300 	0.05367779731750488
400 	0.053804636001586914
500 	0.05393028259277344
600 	0.05406618118286133
700 	0.05419349670410156
800 	0.054318904876708984
900 	0.05444455146789551
1000 	0.054569244384765625
2000 	0.05584096908569336
3000 	0.13248896598815918
4000 	0.13377857208251953
5000 	0.2387228012084961
6000 	0.24001479148864746
7000 	0.3474900722503662
8000 	0.34876132011413574
9000 	0.4602015018463135
10000 	0.4614858627319336
11000 	0.5769963264465332
12000 	0.5782883167266846
13000 	0.6854391098022461
14000 	0.6867437362670898
15000 	0.7916784286499023
17500 	0.8959188461303711
20000 	1.0018656253814697
22500 	1.2393591403961182
25000 	1.3606677055358887
30000 	1.5876343250274658
35000 	1.9263758659362793
40000 	2.1466224193573
45000 	2.498518943786621
50000 	2.72456431388855
60000 	3.2818410396575928
70000 	3.863816261291504
80000 	4.439561367034912
90000 	5.002115249633789
100000 	5.567100763320923
110000 	6.153524398803711
120000 	6.721729278564453
130000 	7.282207489013672
140000 	7.847713232040405
150000 	8.411242008209229
160000 	8.972387552261353
170000 	9.513548374176025
180000 	10.076008081436157
190000 	10.64951467514038
200000 	11.218919038772583
300000 	16.900266408920288
400000 	22.553253412246704
500000 	28.176265716552734
600000 	33.79743266105652
700000 	39.41505217552185
800000 	44.97728133201599
900000 	50.5951771736145
1000000 	56.243279218673706
1100000 	61.88346457481384
1200000 	67.50874519348145
1300000 	73.11604404449463
1400000 	78.76835775375366
1500000 	84.38088774681091
1600000 	90.05025672912598
1700000 	95.69945454597473
1800000 	101.26384210586548
1900000 	106.90794515609741
2000000 	112.55718517303467
3000000 	168.79620170593262
4000000 	225.20023822784424
5000000 	281.34992361068726
6000000 	337.49913907051086
7000000 	393.7291045188904
8000000 	0
9000000 	0
10000000 	0
