10 	0.0413231850
20 	0.0413371722
30 	0.0413497289
40 	0.0413620472
50 	0.0413741271
60 	0.0413978895
70 	0.0414103667
80 	0.0414227645
90 	0.0414350033
100 	0.0414477189
200 	0.0415775776
300 	0.0417088668
400 	0.0418428580
500 	0.0419763724
600 	0.0421117147
700 	0.0422437191
800 	0.0423741341
900 	0.0425060590
1000 	0.0426362356
2000 	0.0439593792
3000 	0.0797607899
4000 	0.0810859998
5000 	0.1056343714
6000 	0.1069530646
7000 	0.1372435888
8000 	0.1385618846
9000 	0.1751908461
10000 	0.1765178839
11000 	0.2114241918
12000 	0.2127606074
13000 	0.2373632590
14000 	0.2386853695
15000 	0.2649304072
17500 	0.2958785693
20000 	0.3297618230
22500 	0.3943398794
25000 	0.4254103502
30000 	0.4907811483
35000 	0.5856601397
40000 	0.6465918223
45000 	0.7334411144
50000 	0.7976814111
60000 	0.9584548473
70000 	1.1217298508
80000 	1.2885456880
90000 	1.5127394199
100000 	1.7409064770
110000 	2.0107406775
120000 	2.3642167250
130000 	2.6612662474
140000 	2.8782323201
150000 	3.1269037724
160000 	3.2712510427
170000 	3.4327731927
180000 	3.5758054256
190000 	3.7405859629
200000 	3.9319241842
300000 	5.7459967931
400000 	7.4228015741
500000 	9.1377379100
600000 	0.0000000000
700000 	0.0000000000
800000 	0.0000000000
900000 	0.0000000000
1000000 	0.0000000000
1100000 	0.0000000000
1200000 	0.0000000000
1300000 	0.0000000000
1400000 	0.0000000000
1500000 	0.0000000000
1600000 	0.0000000000
1700000 	0.0000000000
1800000 	0.0000000000
1900000 	0.0000000000
2000000 	0.0000000000
3000000 	0.0000000000
4000000 	0.0000000000
5000000 	0.0000000000
6000000 	0.0000000000
7000000 	0.0000000000
8000000 	0.0000000000
9000000 	0.0000000000
10000000 	0.0000000000
