10 	2.2446125348
20 	2.2446360588
30 	2.2446591854
40 	2.2446791331
50 	2.2446993192
60 	2.2447336515
70 	2.2447533607
80 	2.2447730700
90 	2.2447977066
100 	2.2448177338
200 	2.2450333436
300 	2.2452452977
400 	2.2454535166
500 	2.2456643581
600 	2.2458786170
700 	2.2460959752
800 	2.2463017305
900 	2.2465516726
1000 	2.2467761040
2000 	2.2488861084
3000 	4.4163970947
4000 	4.4184865157
5000 	7.3034337362
6000 	7.3061164220
7000 	9.5324043433
8000 	9.5348509153
9000 	11.7432799339
10000 	11.7453006109
11000 	13.4052765369
12000 	13.4067147573
13000 	14.9580105146
14000 	14.9600783984
15000 	17.8330170314
17500 	19.4945674737
20000 	21.2570161819
22500 	25.1024065812
25000 	26.7581517696
30000 	30.0168193181
35000 	33.9161849022
40000 	35.9078374704
45000 	38.8881726265
50000 	40.7549823920
60000 	46.2281662623
70000 	56.2292474906
80000 	65.3925027053
90000 	73.6487988631
100000 	83.5992877483
110000 	92.7089349429
120000 	102.0973421733
130000 	112.4418358803
140000 	121.1318138440
150000 	130.9339244366
160000 	140.0551207066
170000 	149.7602951527
180000 	162.4277978738
190000 	173.9719860554
200000 	184.3717943033
300000 	260.9729793072
400000 	318.9275798003
500000 	397.9625214736
600000 	449.2947521210
700000 	483.4229335785
800000 	532.2747232914
900000 	586.4002992312
1000000 	622.5549509525
1100000 	665.8848477205
1200000 	735.0347294013
1300000 	781.7077325980
1400000 	820.4048111439
1500000 	841.0787564913
1600000 	880.3597311179
1700000 	0.0000000000
1800000 	0.0000000000
1900000 	0.0000000000
2000000 	0.0000000000
3000000 	0.0000000000
4000000 	0.0000000000
5000000 	0.0000000000
6000000 	0.0000000000
7000000 	0.0000000000
8000000 	0.0000000000
9000000 	0.0000000000
10000000 	0.0000000000
