10 	0.08142828941345215
20 	0.08144307136535645
30 	0.08145594596862793
40 	0.08146905899047852
50 	0.0814816951751709
60 	0.08150982856750488
70 	0.08152246475219727
80 	0.08153486251831055
90 	0.08154797554016113
100 	0.08156085014343262
200 	0.08169269561767578
300 	0.08182668685913086
400 	0.0819711685180664
500 	0.08210492134094238
600 	0.08223724365234375
700 	0.08237028121948242
800 	0.08250284194946289
900 	0.08263754844665527
1000 	0.08277010917663574
2000 	0.08414387702941895
3000 	0.13535308837890625
4000 	0.13669371604919434
5000 	0.1829991340637207
6000 	0.18433690071105957
7000 	0.22818613052368164
8000 	0.22951078414916992
9000 	0.2859227657318115
10000 	0.2872488498687744
11000 	0.337155818939209
12000 	0.33847618103027344
13000 	0.3751847743988037
14000 	0.37653160095214844
15000 	0.4312260150909424
17500 	0.4704122543334961
20000 	0.5023751258850098
22500 	0.5750002861022949
25000 	0.6162867546081543
30000 	0.6993920803070068
35000 	0.8468687534332275
40000 	0.9210073947906494
45000 	1.039417028427124
50000 	1.1326072216033936
60000 	1.351332426071167
70000 	1.5445523262023926
80000 	1.7378621101379395
90000 	2.009228229522705
100000 	2.194547653198242
110000 	2.38502836227417
120000 	2.5353291034698486
130000 	2.7603065967559814
140000 	3.0744271278381348
150000 	3.3732986450195312
160000 	3.5586423873901367
170000 	3.821122169494629
180000 	4.067359447479248
190000 	4.356894016265869
200000 	4.65029239654541
300000 	6.586294174194336
400000 	9.140354633331299
500000 	11.208550930023193
600000 	13.504031419754028
700000 	16.019217014312744
800000 	18.179043531417847
900000 	20.353023529052734
1000000 	23.159047842025757
1100000 	25.70501399040222
1200000 	27.271051168441772
1300000 	29.281630039215088
1400000 	31.40727400779724
1500000 	34.40101075172424
1600000 	37.32092761993408
1700000 	39.26739549636841
1800000 	41.71517300605774
1900000 	43.99232816696167
2000000 	47.24921798706055
3000000 	69.50130820274353
4000000 	91.67841100692749
5000000 	115.29806566238403
6000000 	138.62910771369934
7000000 	0
8000000 	0
9000000 	0
10000000 	0
