10 	0.04648184776306152
20 	0.046495676040649414
30 	0.0465085506439209
40 	0.04652118682861328
50 	0.046533823013305664
60 	0.04655909538269043
70 	0.04657149314880371
80 	0.04658389091491699
90 	0.04659581184387207
100 	0.046608686447143555
200 	0.04673933982849121
300 	0.046880483627319336
400 	0.04701352119445801
500 	0.04714465141296387
600 	0.04727649688720703
700 	0.047408103942871094
800 	0.047539472579956055
900 	0.04767131805419922
1000 	0.04780220985412598
2000 	0.04913759231567383
3000 	0.07694411277770996
4000 	0.07827138900756836
5000 	0.1006777286529541
6000 	0.10201263427734375
7000 	0.14891386032104492
8000 	0.15024805068969727
9000 	0.16388416290283203
10000 	0.16521239280700684
11000 	0.1812126636505127
12000 	0.18254661560058594
13000 	0.20257830619812012
14000 	0.20392346382141113
15000 	0.24423432350158691
17500 	0.27381467819213867
20000 	0.3067338466644287
22500 	0.3363840579986572
25000 	0.3631107807159424
30000 	0.4045755863189697
35000 	0.46317267417907715
40000 	0.5107958316802979
45000 	0.5757167339324951
50000 	0.6303508281707764
60000 	0.7569420337677002
70000 	0.8455808162689209
80000 	1.024731159210205
90000 	1.1971869468688965
100000 	1.3386623859405518
110000 	1.4535760879516602
120000 	1.530442237854004
130000 	1.6293716430664062
140000 	1.7578928470611572
150000 	1.8697292804718018
160000 	1.980480670928955
170000 	2.101905345916748
180000 	2.2461891174316406
190000 	2.3699417114257812
200000 	2.4689743518829346
300000 	3.7469379901885986
400000 	4.854199647903442
500000 	5.904587030410767
600000 	7.11884069442749
700000 	8.291709423065186
800000 	9.416168451309204
900000 	10.711172819137573
1000000 	12.020005941390991
1100000 	13.386637926101685
1200000 	14.635307788848877
1300000 	15.876373052597046
1400000 	17.189260959625244
1500000 	18.366498947143555
1600000 	19.57063579559326
1700000 	21.02066707611084
1800000 	22.447110414505005
1900000 	23.725372552871704
2000000 	25.098230361938477
3000000 	38.87146830558777
4000000 	51.83855319023132
5000000 	66.72747945785522
6000000 	81.76631712913513
7000000 	95.602374792099
8000000 	110.11765813827515
9000000 	123.14230346679688
10000000 	0
