10 	0.1426708698272705
20 	0.14268732070922852
30 	0.1427021026611328
40 	0.1427149772644043
50 	0.14272761344909668
60 	0.14274859428405762
70 	0.1427607536315918
80 	0.14277315139770508
90 	0.14278507232666016
100 	0.14279842376708984
200 	0.142930269241333
300 	0.14307594299316406
400 	0.14320921897888184
500 	0.1433403491973877
600 	0.14347600936889648
700 	0.14360833168029785
800 	0.14374041557312012
900 	0.14387297630310059
1000 	0.14400982856750488
2000 	0.1453380584716797
3000 	0.22810840606689453
4000 	0.22943782806396484
5000 	0.3266105651855469
6000 	0.32794976234436035
7000 	0.37452220916748047
8000 	0.37584877014160156
9000 	0.4447481632232666
10000 	0.446094274520874
11000 	0.5304038524627686
12000 	0.5317370891571045
13000 	0.6257796287536621
14000 	0.6271347999572754
15000 	0.7277419567108154
17500 	0.7828786373138428
20000 	0.8586757183074951
22500 	0.9344830513000488
25000 	1.0136375427246094
30000 	1.1613185405731201
35000 	1.3408467769622803
40000 	1.4949798583984375
45000 	1.6826021671295166
50000 	1.8547563552856445
60000 	2.2117724418640137
70000 	2.5296471118927
80000 	2.822744369506836
90000 	3.1211421489715576
100000 	3.487600564956665
110000 	3.726163387298584
120000 	3.938392162322998
130000 	4.183953046798706
140000 	4.544331789016724
150000 	4.737504005432129
160000 	5.031007289886475
170000 	5.287729740142822
180000 	5.590256690979004
190000 	5.774663925170898
200000 	6.001157999038696
300000 	9.03962230682373
400000 	12.15488314628601
500000 	15.150814533233643
600000 	17.943390607833862
700000 	20.67082643508911
800000 	24.376935958862305
900000 	27.60485053062439
1000000 	30.29526710510254
1100000 	32.76630735397339
1200000 	35.53061366081238
1300000 	39.25810885429382
1400000 	42.242801666259766
1500000 	44.90997076034546
1600000 	48.115928411483765
1700000 	51.40831232070923
1800000 	55.52527713775635
1900000 	59.387990951538086
2000000 	62.89216160774231
3000000 	0
4000000 	0
5000000 	0
6000000 	0
7000000 	0
8000000 	0
9000000 	0
10000000 	0
