10 	0.13334155082702637
20 	0.13335704803466797
30 	0.13337087631225586
40 	0.13338327407836914
50 	0.13339972496032715
60 	0.1334240436553955
70 	0.1334364414215088
80 	0.13344836235046387
90 	0.13346052169799805
100 	0.13347339630126953
200 	0.1336042881011963
300 	0.13374829292297363
400 	0.1338796615600586
500 	0.13401031494140625
600 	0.13414692878723145
700 	0.1342778205871582
800 	0.13440871238708496
900 	0.13454008102416992
1000 	0.13468098640441895
2000 	0.13600516319274902
3000 	0.22837066650390625
4000 	0.22970938682556152
5000 	0.3542051315307617
6000 	0.35553455352783203
7000 	0.4007890224456787
8000 	0.40210890769958496
9000 	0.4588651657104492
10000 	0.4601755142211914
11000 	0.535423994064331
12000 	0.5367543697357178
13000 	0.5801079273223877
14000 	0.5814299583435059
15000 	0.6427891254425049
17500 	0.7286875247955322
20000 	0.8334846496582031
22500 	0.9970967769622803
25000 	1.0315654277801514
30000 	1.1228251457214355
35000 	1.3765013217926025
40000 	1.517895221710205
45000 	1.6326286792755127
50000 	1.7341468334197998
60000 	2.009669065475464
70000 	2.3385629653930664
80000 	2.6266555786132812
90000 	2.9069266319274902
100000 	3.1057729721069336
110000 	3.482306480407715
120000 	3.6767866611480713
130000 	4.009714841842651
140000 	4.2404255867004395
150000 	4.432690382003784
160000 	4.6830761432647705
170000 	4.885181665420532
180000 	5.273672342300415
190000 	5.399226427078247
200000 	5.759045124053955
300000 	8.35978388786316
400000 	10.89949345588684
500000 	13.559942245483398
600000 	16.76611328125
700000 	19.751773834228516
800000 	22.53188681602478
900000 	25.208986520767212
1000000 	27.913525342941284
1100000 	30.31321954727173
1200000 	33.44674277305603
1300000 	36.409242153167725
1400000 	0
1500000 	0
1600000 	0
1700000 	0
1800000 	0
1900000 	0
2000000 	0
3000000 	0
4000000 	0
5000000 	0
6000000 	0
7000000 	0
8000000 	0
9000000 	0
10000000 	0
