10 	0.12426614761352539
20 	0.12429094314575195
30 	0.12430381774902344
40 	0.12431645393371582
50 	0.1243288516998291
60 	0.12435317039489746
70 	0.12436604499816895
80 	0.12437844276428223
90 	0.12439107894897461
100 	0.1244039535522461
200 	0.12453413009643555
300 	0.1246652603149414
400 	0.12479686737060547
500 	0.12492895126342773
600 	0.1250598430633545
700 	0.12519168853759766
800 	0.12532925605773926
900 	0.12546157836914062
1000 	0.12559247016906738
2000 	0.1269237995147705
3000 	0.2035689353942871
4000 	0.2048945426940918
5000 	0.3089478015899658
6000 	0.3102753162384033
7000 	0.3913402557373047
8000 	0.3926725387573242
9000 	0.47379088401794434
10000 	0.4751138687133789
11000 	0.5307533740997314
12000 	0.5320801734924316
13000 	0.6442065238952637
14000 	0.6455450057983398
15000 	0.7382516860961914
17500 	0.8551063537597656
20000 	0.9393441677093506
22500 	1.0843517780303955
25000 	1.1925320625305176
30000 	1.3616487979888916
35000 	1.5801517963409424
40000 	1.714996337890625
45000 	1.9457275867462158
50000 	2.0276947021484375
60000 	2.525519609451294
70000 	2.9290590286254883
80000 	3.2843244075775146
90000 	3.6569724082946777
100000 	4.024212837219238
110000 	4.491934299468994
120000 	4.786386966705322
130000 	5.255262136459351
140000 	5.6045897006988525
150000 	5.94861102104187
160000 	6.238863706588745
170000 	6.536101818084717
180000 	6.838748931884766
190000 	7.086233139038086
200000 	7.326029300689697
300000 	10.79269289970398
400000 	13.622344493865967
500000 	16.875365018844604
600000 	19.922366619110107
700000 	22.890695333480835
800000 	25.76574158668518
900000 	29.617649793624878
1000000 	32.76357436180115
1100000 	35.397047996520996
1200000 	39.23493409156799
1300000 	42.19880986213684
1400000 	46.15438103675842
1500000 	50.53255009651184
1600000 	53.71442437171936
1700000 	57.60323429107666
1800000 	60.79276943206787
1900000 	64.518728017807
2000000 	67.6874418258667
3000000 	0
4000000 	0
5000000 	0
6000000 	0
7000000 	0
8000000 	0
9000000 	0
10000000 	0
