10 	0.1137697696685791
20 	0.11378335952758789
30 	0.11379575729370117
40 	0.11380791664123535
50 	0.11382102966308594
60 	0.1138451099395752
70 	0.11385726928710938
80 	0.11386966705322266
90 	0.11388158798217773
100 	0.11389422416687012
200 	0.11402440071105957
300 	0.11415529251098633
400 	0.11428666114807129
500 	0.11441755294799805
600 	0.1145477294921875
700 	0.11468935012817383
800 	0.11484289169311523
900 	0.11497998237609863
1000 	0.11511588096618652
2000 	0.11648273468017578
3000 	0.20282387733459473
4000 	0.20415544509887695
5000 	0.2696819305419922
6000 	0.2710380554199219
7000 	0.36115002632141113
8000 	0.36246752738952637
9000 	0.46384286880493164
10000 	0.46516942977905273
11000 	0.502338171005249
12000 	0.503669023513794
13000 	0.5897829532623291
14000 	0.5911126136779785
15000 	0.683234453201294
17500 	0.740443229675293
20000 	0.7860946655273438
22500 	0.9234015941619873
25000 	0.9884781837463379
30000 	1.08864164352417
35000 	1.210087776184082
40000 	1.3033461570739746
45000 	1.449690818786621
50000 	1.578498125076294
60000 	1.8004813194274902
70000 	2.2580299377441406
80000 	2.4999852180480957
90000 	2.885227680206299
100000 	3.1950552463531494
110000 	3.4036147594451904
120000 	3.567772626876831
130000 	3.914238452911377
140000 	4.2377259731292725
150000 	4.495895624160767
160000 	4.797871112823486
170000 	5.065709590911865
180000 	5.355584144592285
190000 	5.574213266372681
200000 	6.091125249862671
300000 	8.806145191192627
400000 	12.165664196014404
500000 	15.297165393829346
600000 	18.30186629295349
700000 	21.353960275650024
800000 	24.512171506881714
900000 	27.199119567871094
1000000 	30.170884370803833
1100000 	33.11933088302612
1200000 	36.24682116508484
1300000 	40.544994592666626
1400000 	0
1500000 	0
1600000 	0
1700000 	0
1800000 	0
1900000 	0
2000000 	0
3000000 	0
4000000 	0
5000000 	0
6000000 	0
7000000 	0
8000000 	0
9000000 	0
10000000 	0
