10 	0.10005807876586914
20 	0.10007309913635254
30 	0.10008573532104492
40 	0.10009884834289551
50 	0.10011124610900879
60 	0.10013961791992188
70 	0.10015177726745605
80 	0.10016417503356934
90 	0.10017728805541992
100 	0.10019087791442871
200 	0.10033345222473145
300 	0.10046601295471191
400 	0.10059881210327148
500 	0.10073065757751465
600 	0.1008613109588623
700 	0.10099291801452637
800 	0.10112380981445312
900 	0.10125517845153809
1000 	0.10139250755310059
2000 	0.10272622108459473
3000 	0.19673585891723633
4000 	0.1980595588684082
5000 	0.3237128257751465
6000 	0.325040340423584
7000 	0.39240384101867676
8000 	0.3937253952026367
9000 	0.5037343502044678
10000 	0.5050680637359619
11000 	0.5759706497192383
12000 	0.577308177947998
13000 	0.6182403564453125
14000 	0.6195769309997559
15000 	0.6817173957824707
17500 	0.7675225734710693
20000 	0.8242449760437012
22500 	0.9628021717071533
25000 	0.9994447231292725
30000 	1.1004431247711182
35000 	1.3110740184783936
40000 	1.4282023906707764
45000 	1.586233377456665
50000 	1.7327079772949219
60000 	2.0312795639038086
70000 	2.3515870571136475
80000 	2.7160186767578125
90000 	2.9990060329437256
100000 	3.32119083404541
110000 	3.7409071922302246
120000 	4.009883403778076
130000 	4.3404552936553955
140000 	4.586623430252075
150000 	4.8909385204315186
160000 	5.295149803161621
170000 	5.5354368686676025
180000 	5.805627107620239
190000 	6.118856906890869
200000 	6.367989778518677
300000 	9.658493280410767
400000 	12.858837604522705
500000 	16.034306049346924
600000 	19.14566707611084
700000 	22.48689889907837
800000 	25.873905420303345
900000 	28.63463306427002
1000000 	31.19494938850403
1100000 	35.047064781188965
1200000 	38.85810565948486
1300000 	42.5967001914978
1400000 	46.35384726524353
1500000 	50.52448391914368
1600000 	53.87394618988037
1700000 	57.163692474365234
1800000 	61.09016990661621
1900000 	65.24875617027283
2000000 	67.96252250671387
3000000 	0
4000000 	0
5000000 	0
6000000 	0
7000000 	0
8000000 	0
9000000 	0
10000000 	0
